Date,Open,High,Low,Close,Adj Close,Volume
2015-06-10,64.820000,65.580002,64.730003,65.089996,39.333065,1966300
2015-06-11,65.370003,65.370003,64.290001,64.400002,38.916115,1253500
2015-06-12,64.010002,64.529999,63.830002,64.129997,38.752945,1432200
2015-06-15,63.410000,64.449997,63.180000,63.779999,38.541451,2752100
2015-06-16,63.820000,64.209999,63.400002,63.599998,38.432678,3977000
2015-06-17,64.379997,64.769997,63.599998,63.810001,38.559582,2919500
2015-06-18,64.169998,64.519997,62.169998,62.310001,37.653156,6746600
2015-06-19,61.830002,62.669998,61.330002,61.930000,37.423527,4032300
2015-06-22,62.590000,62.590000,61.240002,62.410000,37.713573,3288900
2015-06-23,62.060001,63.169998,61.990002,62.889999,38.003635,4449600
2015-06-24,62.599998,63.220001,62.580002,62.639999,37.852562,2244400
2015-06-25,62.459999,62.630001,61.919998,62.060001,37.502075,1993800
2015-06-26,61.840000,61.990002,61.320000,61.900002,37.405396,3623200
2015-06-29,61.180000,61.730000,61.020000,61.110001,36.928001,2159300
2015-06-30,61.610001,61.889999,61.049999,61.700001,37.284542,2788100
2015-07-01,61.750000,61.959999,59.480000,60.009998,36.263290,4174600
2015-07-02,60.189999,60.680000,59.830002,60.349998,36.468742,2565100
2015-07-06,59.209999,60.290001,59.009998,59.299999,35.834240,3464700
2015-07-07,59.090000,60.750000,58.529999,60.680000,36.668156,2986000
2015-07-08,60.599998,60.630001,59.480000,59.740002,36.100124,5344200
2015-07-09,60.669998,60.770000,59.869999,60.150002,36.347885,2561800
2015-07-10,60.450001,60.660000,59.669998,59.709999,36.082001,2622200
2015-07-13,59.639999,60.450001,59.410000,60.299999,36.438534,3525000
2015-07-14,60.299999,61.459999,60.110001,61.130001,36.940090,2610000
2015-07-15,60.820000,60.860001,59.480000,59.500000,35.955097,4155300
2015-07-16,59.950001,60.000000,58.680000,58.869999,35.574406,2326200
2015-07-17,58.570000,59.099998,57.869999,58.320000,35.242039,3680700
2015-07-20,58.880001,60.279999,58.880001,59.459999,35.930931,4831900
2015-07-21,59.459999,61.439999,59.360001,60.639999,36.643982,4019600
2015-07-22,60.410000,61.700001,52.799999,58.279999,35.217869,27297500
2015-07-23,58.900002,59.750000,58.490002,59.259998,35.810070,4051000
2015-07-24,59.450001,59.639999,58.400002,58.660000,35.447495,4466800
2015-07-27,57.720001,58.360001,57.220001,57.740002,34.891556,3354500
2015-07-28,57.900002,58.630001,57.000000,58.549999,35.381031,2859700
2015-07-29,58.060001,59.750000,57.700001,59.669998,36.057823,5948200
2015-07-30,59.630001,60.169998,58.340000,58.689999,35.465626,2551500
2015-07-31,58.490002,58.950001,58.119999,58.150002,35.139313,2468800
2015-08-03,57.490002,57.619999,55.400002,55.549999,33.568172,5326400
2015-08-04,55.889999,56.349998,54.959999,55.299999,33.417091,4635100
2015-08-05,55.779999,56.860001,55.660000,56.330002,34.039509,2869800
2015-08-06,55.959999,56.750000,55.389999,56.560001,34.178505,2619200
2015-08-07,56.000000,56.759998,55.560001,55.720001,33.670895,2289600
2015-08-10,55.750000,57.900002,55.590000,57.830002,34.945942,2825600
2015-08-11,56.580002,57.709999,56.480000,57.540001,34.770702,2379800
2015-08-12,57.320000,59.009998,55.980000,58.599998,35.411247,3105300
2015-08-13,58.189999,58.380001,56.860001,56.900002,34.383949,2462100
2015-08-14,56.790001,57.990002,56.790001,57.330002,34.643795,2363800
2015-08-17,57.040001,57.419998,56.549999,56.759998,34.299355,2434100
2015-08-18,56.779999,57.270000,56.500000,56.650002,34.232883,1760200
2015-08-19,56.040001,56.160000,53.919998,54.090000,32.685905,4342000
2015-08-20,53.759998,54.189999,51.349998,51.360001,31.036200,5902200
2015-08-21,51.189999,51.889999,49.439999,49.520000,29.924316,4832900
2015-08-24,47.360001,48.660000,44.110001,45.759998,27.652189,7055800
2015-08-25,47.500000,48.889999,47.009998,47.740002,28.848680,5486500
2015-08-26,48.810001,49.340000,47.700001,49.200001,29.730940,4411500
2015-08-27,50.349998,53.860001,50.049999,53.750000,32.480442,5948000
2015-08-28,53.560001,55.049999,53.070000,54.720001,33.066608,4012600
2015-08-31,54.139999,56.049999,53.450001,56.000000,33.945549,3728900
2015-09-01,54.099998,55.330002,53.580002,54.380001,32.963566,5127300
2015-09-02,55.169998,55.220001,53.410000,54.740002,33.181774,2968500
2015-09-03,54.759998,55.939999,54.320000,54.820000,33.230278,5413000
2015-09-04,53.959999,54.410000,53.119999,53.259998,32.284649,3728700
2015-09-08,54.290001,54.430000,53.380001,54.009998,32.739277,4247700
2015-09-09,54.500000,55.110001,52.880001,52.990002,32.120979,3346500
2015-09-10,53.119999,54.330002,52.209999,53.680000,32.539234,3043500
2015-09-11,53.680000,53.680000,52.209999,53.080002,32.175533,4253400
2015-09-14,52.639999,53.779999,52.549999,53.180000,32.236156,2735300
2015-09-15,53.430000,53.900002,53.040001,53.419998,32.381638,1979300
2015-09-16,53.669998,55.779999,53.570000,55.660000,33.739452,2543200
2015-09-17,55.570000,56.139999,55.009998,55.290001,33.515175,2220100
2015-09-18,54.189999,54.450001,53.160000,53.470001,32.411942,4364500
2015-09-21,54.299999,55.029999,53.480000,54.730000,33.175720,5218400
2015-09-22,53.310001,54.970001,53.020000,54.290001,32.909004,3932700
2015-09-23,54.619999,54.619999,53.720001,54.000000,32.733215,1725800
2015-09-24,53.310001,53.990002,53.000000,53.209999,32.254333,3452900
2015-09-25,53.759998,53.849998,51.970001,52.500000,31.823952,2630200
2015-09-28,51.939999,52.090000,50.459999,50.500000,30.611612,3266400
2015-09-29,51.009998,51.560001,49.970001,50.470001,30.593428,2423000
2015-09-30,50.849998,52.139999,50.820000,52.040001,31.545122,4118900
2015-10-01,52.630001,52.970001,50.529999,51.180000,31.023813,2681500
2015-10-02,50.669998,53.349998,50.580002,53.349998,32.339199,3167100
2015-10-05,54.049999,54.910000,53.570000,54.630001,33.115097,3212800
2015-10-06,55.000000,56.389999,54.270000,55.310001,33.527294,3408900
2015-10-07,56.130001,58.230000,55.939999,56.680000,34.357746,3471000
2015-10-08,56.680000,57.430000,55.439999,57.330002,34.751762,1778900
2015-10-09,57.500000,57.869999,55.939999,56.439999,34.212276,2140500
2015-10-12,56.580002,56.689999,55.009998,55.680000,33.751587,1444500
2015-10-13,55.320000,56.389999,54.750000,55.020000,33.351509,1832400
2015-10-14,55.049999,55.419998,54.540001,55.009998,33.345444,2087000
2015-10-15,55.049999,56.209999,54.209999,56.189999,34.060730,2558400
2015-10-16,56.810001,56.810001,53.340000,53.830002,32.630169,5427900
2015-10-19,53.250000,54.009998,52.900002,53.330002,32.327076,3513800
2015-10-20,53.279999,53.889999,52.970001,53.169998,32.230083,3546200
2015-10-21,52.950001,55.110001,52.950001,54.410000,32.981743,3866100
2015-10-22,54.970001,56.169998,54.970001,55.590000,33.697025,4318400
2015-10-23,55.060001,55.400002,52.049999,53.930000,32.690781,3389600
2015-10-26,53.779999,53.910000,52.299999,52.459999,31.799709,2931200
2015-10-27,51.630001,53.090000,51.400002,51.500000,31.217791,4670600
2015-10-28,52.090000,53.540001,51.610001,52.799999,32.005806,2275300
2015-10-29,52.740002,53.330002,52.110001,52.590000,31.878513,1528000
2015-10-30,52.810001,53.380001,52.060001,52.680000,31.933071,2404200
2015-11-02,52.700001,53.470001,51.810001,53.290001,32.302834,3681900
2015-11-03,53.709999,54.759998,53.240002,54.459999,33.012051,3967000
2015-11-04,54.240002,54.270000,50.700001,51.560001,31.254162,5678000
2015-11-05,51.310001,51.619999,49.599998,49.880001,30.235792,8398300
2015-11-06,49.490002,52.150002,49.130001,52.080002,31.569361,3944700
2015-11-09,51.950001,51.970001,50.270000,51.660000,31.314774,2399300
2015-11-10,51.320000,51.480000,49.730000,49.830002,30.205479,4165600
2015-11-11,49.950001,49.950001,47.709999,49.000000,29.702356,3384400
2015-11-12,48.169998,49.759998,47.759998,48.139999,29.181055,6345100
2015-11-13,48.000000,48.389999,46.840000,47.660000,28.890093,3366400
2015-11-16,47.570000,49.889999,47.570000,49.389999,29.938770,4510200
2015-11-17,49.410000,49.790001,48.759998,49.470001,29.987259,3150100
2015-11-18,49.970001,51.840000,49.939999,51.680000,31.326900,5667200
2015-11-19,51.270000,51.480000,50.400002,50.869999,30.835901,2832600
2015-11-20,50.869999,51.150002,49.630001,51.009998,30.920761,4404600
2015-11-23,50.820000,51.490002,50.459999,51.419998,31.169296,2277800
2015-11-24,51.630001,53.689999,51.470001,53.090000,32.181599,2950500
2015-11-25,52.820000,53.200001,52.360001,52.500000,31.823952,1614400
2015-11-27,52.080002,52.939999,51.810001,52.779999,31.993685,981200
2015-11-30,53.060001,55.189999,52.810001,54.070000,32.775646,3900300
2015-12-01,53.830002,54.840000,53.150002,54.759998,33.298595,3262400
2015-12-02,54.279999,55.240002,53.279999,53.849998,32.745235,4845300
2015-12-03,54.639999,54.880001,52.270000,52.619999,31.997305,5601000
2015-12-04,51.919998,52.820000,51.099998,52.619999,31.997305,3876900
2015-12-07,51.470001,51.790001,48.799999,49.860001,30.318996,6474300
2015-12-08,49.009998,51.180000,48.509998,49.369999,30.021032,3161300
2015-12-09,49.500000,53.470001,49.500000,53.029999,32.246613,7452000
2015-12-10,52.759998,53.490002,51.349998,51.680000,31.425697,7793900
2015-12-11,50.919998,51.279999,47.029999,47.799999,29.066341,8541700
2015-12-14,45.230000,47.169998,43.000000,46.779999,28.446098,12964200
2015-12-15,47.660000,49.759998,46.070000,46.500000,28.275831,10745800
2015-12-16,46.439999,46.939999,44.669998,44.759998,27.217770,8231400
2015-12-17,44.880001,45.410000,43.330002,43.360001,26.366455,6107300
2015-12-18,43.240002,44.500000,42.779999,43.919998,26.706982,9370900
2015-12-21,44.220001,44.389999,43.169998,43.759998,26.609688,3074900
2015-12-22,44.099998,45.410000,43.930000,45.169998,27.467079,2274000
2015-12-23,45.990002,47.660000,45.849998,47.630001,28.962969,3402600
2015-12-24,47.680000,48.599998,47.060001,47.720001,29.017694,1498000
2015-12-28,46.840000,47.330002,45.619999,45.689999,27.783289,2338800
2015-12-29,46.910000,47.040001,45.799999,46.490002,28.269753,1181700
2015-12-30,45.950001,46.820000,45.740002,45.759998,27.825853,1481900
2015-12-31,45.380001,46.400002,45.320000,46.150002,28.063009,1341200
2016-01-04,45.849998,47.430000,45.560001,47.250000,28.731899,2987400
2016-01-05,47.189999,47.880001,45.560001,45.919998,27.923147,2560500
2016-01-06,44.480000,45.500000,43.549999,43.650002,26.542803,4854900
2016-01-07,42.570000,43.830002,42.320000,42.520000,25.855671,3202200
2016-01-08,42.889999,43.009998,41.380001,41.580002,25.284071,1905000
2016-01-11,41.639999,42.270000,40.770000,41.509998,25.241499,4344300
2016-01-12,42.200001,42.250000,40.130001,41.040001,24.955706,2517200
2016-01-13,41.799999,42.189999,38.650002,39.250000,23.867235,4142400
2016-01-14,39.450001,41.549999,38.619999,41.169998,25.034754,2356700
2016-01-15,39.480000,40.220001,38.990002,39.889999,24.256409,2455800
2016-01-19,40.110001,40.869999,39.259998,39.790001,24.195604,3032300
2016-01-20,39.000000,39.340000,37.580002,38.880001,23.642244,3123800
2016-01-21,38.770000,41.330002,38.500000,40.730000,24.767199,3398100
2016-01-22,42.520000,42.950001,40.660000,42.040001,25.563789,2047900
2016-01-25,41.259998,41.770000,39.119999,39.180000,23.824673,2800500
2016-01-26,40.299999,40.590000,39.389999,39.970001,24.305063,2590600
2016-01-27,39.849998,41.880001,39.740002,40.830002,24.828009,2722500
2016-01-28,42.000000,43.290001,41.560001,43.119999,26.220516,2857400
2016-01-29,43.299999,44.160000,42.549999,43.509998,26.457668,4162700
2016-02-01,42.560001,43.650002,42.060001,43.290001,26.323898,2744300
2016-02-02,42.200001,42.500000,41.779999,42.000000,25.539465,1739100
2016-02-03,42.720001,44.459999,41.959999,44.410000,27.004940,2771700
2016-02-04,44.980000,45.849998,43.910000,44.240002,26.901566,2297200
2016-02-05,43.750000,45.090000,42.650002,44.849998,27.272495,4157300
2016-02-08,43.130001,43.599998,42.220001,42.820000,26.038086,6173600
2016-02-09,42.230000,42.900002,41.590000,41.750000,25.387449,5533500
2016-02-10,41.750000,42.320000,41.220001,41.509998,25.241499,3310000
2016-02-11,40.400002,40.990002,39.110001,39.779999,24.189526,3393600
2016-02-12,40.400002,40.790001,39.400002,39.900002,24.262489,4239400
2016-02-16,40.689999,41.470001,40.259998,41.200001,25.052999,4099100
2016-02-17,41.820000,42.930000,41.470001,42.490002,25.837425,2398200
2016-02-18,43.060001,43.330002,41.830002,41.990002,25.533382,1830300
2016-02-19,42.130001,42.250000,41.299999,42.139999,25.624601,2585900
2016-02-22,43.119999,43.720001,42.770000,43.490002,26.445505,2629100
2016-02-23,43.490002,43.709999,42.360001,42.490002,25.837425,3534300
2016-02-24,41.639999,42.279999,41.200001,41.910000,25.484735,1873300
2016-02-25,41.830002,43.779999,41.500000,43.250000,26.299568,3071600
2016-02-26,44.099998,45.189999,43.759998,44.250000,26.907650,2425300
2016-02-29,44.169998,44.529999,42.230000,42.869999,26.169031,3488400
2016-03-01,43.290001,44.470001,43.160000,44.259998,27.017530,3002500
2016-03-02,44.230000,45.509998,43.090000,45.410000,27.719519,3298600
2016-03-03,45.139999,46.990002,45.139999,46.549999,28.415405,3166100
2016-03-04,46.669998,47.450001,45.529999,46.200001,28.201756,3415600
2016-03-07,45.779999,47.520000,45.660000,46.580002,28.433723,4999000
2016-03-08,46.250000,46.459999,43.869999,44.049999,26.889341,3933700
2016-03-09,44.759998,45.299999,43.669998,44.310001,27.048046,3295000
2016-03-10,44.200001,44.610001,42.599998,43.529999,26.571918,2274400
2016-03-11,44.250000,46.000000,43.880001,45.790001,27.951485,3679500
2016-03-14,44.930000,45.419998,43.389999,43.880001,26.785564,4924500
2016-03-15,43.279999,44.220001,42.759998,44.209999,26.987007,2138100
2016-03-16,44.650002,46.009998,44.310001,45.900002,28.018625,4071800
2016-03-17,46.270000,47.049999,45.740002,46.810001,28.574118,6545600
2016-03-18,47.279999,47.470001,46.610001,47.439999,28.958689,5405200
2016-03-21,47.130001,47.590000,46.450001,47.040001,28.714518,2501800
2016-03-22,46.540001,47.169998,46.180000,46.430000,28.342159,2481400
2016-03-23,46.230000,46.599998,44.919998,44.959999,27.444824,2057400
2016-03-24,44.270000,44.849998,43.759998,44.680000,27.273907,2644300
2016-03-28,44.820000,44.930000,43.570000,43.869999,26.779457,1845900
2016-03-29,43.330002,43.430000,42.330002,42.720001,26.077467,2894100
2016-03-30,43.270000,44.320000,42.619999,43.369999,26.474241,3782300
2016-03-31,43.320000,44.040001,43.189999,43.830002,26.755041,2126500
2016-04-01,42.950001,44.020000,42.669998,42.950001,26.217865,3035100
2016-04-04,41.799999,42.580002,40.240002,41.470001,25.314442,7146100
2016-04-05,40.790001,41.080002,38.160000,39.360001,24.026430,11392700
2016-04-06,39.000000,43.250000,38.770000,42.830002,26.144615,14881000
2016-04-07,42.220001,43.320000,41.070000,41.930000,25.595238,8520500
2016-04-08,43.160000,43.880001,42.400002,43.110001,26.315538,5291400
2016-04-11,43.470001,43.740002,41.189999,41.740002,25.479254,4467100
2016-04-12,41.750000,42.169998,40.349998,41.230000,25.167931,6654800
2016-04-13,41.119999,41.630001,40.689999,41.299999,25.210659,5481900
2016-04-14,41.529999,43.869999,41.180000,43.180000,26.358263,8396700
2016-04-15,43.119999,43.900002,42.450001,43.799999,26.736729,3492100
2016-04-18,42.919998,45.830002,42.709999,45.700001,27.896544,3344700
2016-04-19,45.820000,46.599998,45.380001,46.500000,28.384882,2918500
2016-04-20,46.380001,47.169998,45.619999,47.000000,28.690100,7722900
2016-04-21,46.580002,47.419998,46.360001,46.689999,28.500862,3469700
2016-04-22,47.110001,48.160000,45.700001,46.430000,28.342159,4487800
2016-04-25,46.169998,46.400002,44.509998,45.040001,27.493666,3519300
2016-04-26,45.340000,45.810001,44.750000,45.799999,27.957586,2588000
2016-04-27,44.230000,47.669998,44.049999,46.939999,28.653469,5430000
2016-04-28,46.349998,48.110001,46.349998,47.860001,29.215065,5561600
2016-04-29,47.900002,49.250000,47.310001,48.360001,29.520283,3650400
2016-05-02,49.439999,50.759998,45.930000,47.400002,28.934269,13238100
2016-05-03,46.689999,46.959999,45.150002,45.540001,27.798876,8688700
2016-05-04,45.500000,46.040001,44.139999,44.490002,27.157925,4560800
2016-05-05,45.130001,45.619999,44.290001,45.049999,27.499763,4238600
2016-05-06,44.590000,46.279999,44.500000,45.880001,28.006426,4059300
2016-05-09,45.450001,45.689999,43.900002,44.250000,27.011421,3671900
2016-05-10,44.529999,45.270000,44.130001,45.230000,27.609642,3852500
2016-05-11,45.119999,45.709999,44.660000,44.820000,27.359369,3133700
2016-05-12,45.310001,45.610001,44.830002,45.470001,27.756144,3174500
2016-05-13,45.290001,45.619999,44.619999,44.630001,27.243383,2895200
2016-05-16,45.299999,46.279999,45.020000,45.880001,28.006426,3860000
2016-05-17,45.500000,47.369999,45.490002,46.799999,28.568014,4436900
2016-05-18,46.639999,47.080002,45.540001,45.950001,28.049143,3709400
2016-05-19,45.419998,45.860001,44.580002,45.240002,27.615747,2644400
2016-05-20,45.459999,45.700001,44.930000,45.330002,27.670685,3556500
2016-05-23,45.090000,45.470001,44.689999,44.889999,27.402102,4130600
2016-05-24,44.910000,45.150002,43.740002,43.959999,26.834400,5833600
2016-05-25,44.310001,45.830002,44.299999,45.549999,27.804979,3983300
2016-05-26,45.799999,46.189999,45.369999,45.570000,27.817186,3704300
2016-05-27,45.250000,46.080002,45.180000,46.040001,28.209320,2557900
2016-05-31,45.980000,46.860001,45.930000,46.380001,28.417643,3733500
2016-06-01,45.680000,46.939999,45.230000,46.330002,28.387009,3807700
2016-06-02,45.990002,46.290001,45.419998,45.900002,28.123541,3252300
2016-06-03,45.880001,46.660000,45.759998,46.240002,28.331863,3888000
2016-06-06,46.750000,49.669998,46.680000,49.520000,30.341568,5040600
2016-06-07,49.650002,49.950001,48.869999,48.900002,29.961687,4489100
2016-06-08,49.000000,49.299999,47.549999,47.930000,29.367352,4417100
2016-06-09,47.590000,47.910000,47.150002,47.549999,29.134525,2226100
2016-06-10,47.000000,47.349998,45.869999,45.939999,28.148052,2383300
2016-06-13,45.599998,46.799999,45.410000,45.500000,27.878456,2913100
2016-06-14,45.110001,45.860001,44.720001,45.610001,27.945862,2953600
2016-06-15,45.580002,46.459999,45.360001,45.990002,28.178694,3377500
2016-06-16,45.360001,46.070000,44.639999,45.950001,28.154179,2382700
2016-06-17,46.389999,47.000000,46.070000,46.810001,28.681112,3116500
2016-06-20,47.389999,47.759998,45.849998,45.869999,28.105162,2686000
2016-06-21,45.810001,46.919998,45.570000,46.599998,28.552443,2913400
2016-06-22,46.919998,47.020000,46.000000,46.060001,28.221581,1950400
2016-06-23,46.889999,47.200001,46.480000,47.169998,28.901690,2108000
2016-06-24,45.040001,46.419998,44.860001,45.220001,27.706892,7761800
2016-06-27,44.570000,44.810001,41.740002,42.060001,25.770725,4798100
2016-06-28,43.009998,43.759998,42.580002,43.689999,26.769442,4046900
2016-06-29,44.230000,45.189999,44.180000,45.110001,27.639500,3901900
2016-06-30,45.049999,45.369999,44.810001,45.130001,27.651751,3315900
2016-07-01,45.310001,46.000000,45.220001,45.830002,28.080656,2819400
2016-07-05,45.000000,45.480000,43.660000,44.049999,26.990028,2011200
2016-07-06,43.720001,44.240002,43.169998,44.209999,27.088058,1413100
2016-07-07,44.520000,44.950001,43.189999,43.540001,26.677538,2783100
2016-07-08,44.240002,44.689999,43.169998,43.689999,26.769442,3525300
2016-07-11,44.060001,44.740002,43.580002,43.599998,26.714302,2510900
2016-07-12,44.070000,45.910000,44.040001,45.820000,28.074524,3797500
2016-07-13,45.950001,46.029999,44.700001,45.259998,27.731415,2782000
2016-07-14,45.820000,46.509998,45.590000,46.180000,28.295107,2290500
2016-07-15,46.349998,46.480000,45.549999,45.919998,28.135798,2172900
2016-07-18,45.619999,46.939999,45.500000,46.860001,28.711746,2316500
2016-07-19,46.590000,46.790001,45.529999,45.740002,28.025511,3325700
2016-07-20,45.660000,46.009998,45.259998,45.709999,28.007126,2955800
2016-07-21,45.599998,46.090000,44.439999,44.490002,27.259617,4037300
2016-07-22,44.400002,44.970001,43.820000,44.549999,27.296377,2546100
2016-07-25,44.180000,44.189999,43.250000,43.709999,26.781702,2136300
2016-07-26,43.419998,44.939999,43.090000,44.779999,27.437305,2795300
2016-07-27,44.849998,45.549999,43.549999,44.529999,27.284128,3287600
2016-07-28,45.380001,46.680000,45.049999,46.049999,28.215452,6166000
2016-07-29,45.709999,47.980000,45.669998,47.830002,29.306080,5623800
2016-08-01,47.320000,47.700001,45.599998,45.750000,28.031637,4114000
2016-08-02,46.169998,46.980000,45.540001,46.680000,28.601460,4012500
2016-08-03,46.529999,47.320000,46.430000,47.130001,28.877184,3947400
2016-08-04,46.889999,47.590000,46.709999,47.080002,28.950974,2932700
2016-08-05,47.369999,47.459999,46.799999,47.060001,28.938677,3498700
2016-08-08,47.310001,48.529999,47.250000,47.990002,29.510559,3974000
2016-08-09,48.250000,48.299999,47.660000,47.849998,29.424469,2670300
2016-08-10,48.200001,48.500000,47.570000,47.740002,29.356827,3242200
2016-08-11,47.910000,48.660000,47.740002,48.610001,29.891821,2921600
2016-08-12,48.910000,49.930000,48.689999,49.759998,30.598986,4727000
2016-08-15,50.000000,50.860001,49.779999,50.639999,31.140127,2398900
2016-08-16,50.639999,51.610001,50.439999,51.200001,31.484488,3525100
2016-08-17,51.000000,51.270000,50.500000,50.720001,31.189323,4278500
2016-08-18,51.189999,52.349998,50.970001,52.049999,32.007187,3585500
2016-08-19,51.880001,52.830002,51.849998,52.700001,32.406891,3339000
2016-08-22,52.080002,52.180000,51.410000,51.799999,31.853445,3720900
2016-08-23,51.910000,52.139999,51.660000,51.860001,31.890348,2295800
2016-08-24,51.439999,51.919998,51.049999,51.230000,31.502935,2861800
2016-08-25,51.270000,51.830002,51.000000,51.650002,31.761217,2424600
2016-08-26,51.860001,52.040001,50.709999,50.860001,31.275414,2613300
2016-08-29,50.650002,50.939999,50.209999,50.650002,31.146280,2991400
2016-08-30,50.959999,51.580002,49.830002,50.000000,30.746567,2883800
2016-08-31,50.000000,50.139999,48.860001,49.130001,30.211584,3804300
2016-09-01,49.110001,49.939999,48.549999,49.830002,30.642029,4523300
2016-09-02,50.340000,50.689999,49.680000,49.779999,30.611288,2879300
2016-09-06,49.869999,50.000000,49.180000,49.959999,30.721973,2597200
2016-09-07,49.820000,50.060001,48.730000,49.900002,30.685081,5493200
2016-09-08,50.259998,51.349998,49.810001,51.290001,31.539831,3202200
2016-09-09,50.599998,50.889999,49.130001,49.139999,30.217733,3723700
2016-09-12,48.570000,49.910000,48.009998,49.700001,30.562092,3942700
2016-09-13,48.959999,48.959999,48.009998,48.340000,29.725790,3754300
2016-09-14,48.110001,49.200001,47.849998,48.419998,29.774979,3200700
2016-09-15,48.639999,49.590000,48.299999,49.180000,30.242332,3543300
2016-09-16,48.419998,48.570000,47.959999,48.400002,29.762686,4977000
2016-09-19,49.090000,49.349998,48.480000,48.500000,29.824171,2266800
2016-09-20,48.430000,48.939999,48.080002,48.480000,29.811880,2263600
2016-09-21,49.000000,50.299999,48.680000,50.189999,30.863411,3424600
2016-09-22,50.959999,50.959999,50.060001,50.150002,30.838814,2320800
2016-09-23,49.480000,50.220001,49.009998,49.240002,30.279224,3602900
2016-09-26,49.580002,49.880001,48.990002,49.160000,30.230026,2944200
2016-09-27,48.330002,48.340000,47.540001,48.060001,29.553606,3307300
2016-09-28,48.610001,49.910000,48.169998,49.820000,30.635885,5496900
2016-09-29,50.060001,51.049999,49.610001,50.209999,30.875704,5242400
2016-09-30,50.599998,50.779999,49.950001,50.470001,31.035591,4441000
2016-10-03,50.240002,50.380001,49.619999,50.029999,30.765017,2840400
2016-10-04,50.180000,50.230000,49.580002,49.959999,30.721973,2361100
2016-10-05,50.470001,51.680000,50.220001,51.220001,31.496790,4959700
2016-10-06,51.299999,52.630001,51.220001,52.290001,32.154766,3274000
2016-10-07,52.610001,53.389999,52.209999,52.840000,32.492977,4719500
2016-10-10,53.270000,54.459999,53.160000,53.349998,32.806591,4511200
2016-10-11,53.189999,53.250000,52.230000,52.520000,32.296196,3813400
2016-10-12,52.270000,52.639999,51.950001,52.200001,32.099426,3404300
2016-10-13,51.720001,52.709999,51.509998,52.500000,32.283901,2594900
2016-10-14,52.759998,52.860001,51.360001,51.750000,31.822704,3532900
2016-10-17,51.740002,51.919998,51.000000,51.349998,31.576733,3183000
2016-10-18,51.990002,52.380001,51.450001,51.599998,31.730463,3546900
2016-10-19,52.189999,53.290001,51.959999,52.830002,32.486832,4814300
2016-10-20,52.450001,52.820000,52.029999,52.250000,32.130177,2782000
2016-10-21,51.709999,52.439999,51.380001,52.349998,32.191666,3138400
2016-10-24,52.419998,52.480000,51.689999,52.150002,32.068676,3056100
2016-10-25,55.799999,57.369999,53.880001,54.389999,33.446121,10501300
2016-10-26,54.250000,55.320000,53.970001,54.759998,33.673649,5031500
2016-10-27,55.060001,55.220001,54.400002,54.549999,33.544510,3358300
2016-10-28,57.669998,59.389999,56.650002,59.119999,36.354752,14737200
2016-10-31,62.000000,62.160000,54.549999,55.400002,34.067204,19920400
2016-11-01,55.540001,55.630001,53.630001,55.340000,34.030312,9991300
2016-11-02,54.630001,54.840000,53.439999,54.459999,33.489174,5250900
2016-11-03,54.340000,55.220001,54.150002,55.209999,34.056679,4099800
2016-11-04,55.169998,58.320000,54.939999,58.110001,35.845562,8452700
2016-11-07,58.380001,59.380001,58.180000,58.709999,36.215672,4887500
2016-11-08,58.560001,59.189999,57.900002,58.860001,36.308208,2917200
2016-11-09,58.250000,60.180000,57.799999,59.000000,36.394566,3369900
2016-11-10,58.709999,59.880001,57.939999,59.369999,36.622799,3865800
2016-11-11,59.009998,59.360001,58.029999,58.639999,36.172493,2840500
2016-11-14,58.669998,59.610001,58.220001,58.990002,36.388405,2880900
2016-11-15,59.560001,61.360001,59.250000,61.020000,37.640621,4288100
2016-11-16,60.849998,61.189999,59.570000,61.169998,37.733139,3900000
2016-11-17,61.119999,61.799999,60.849998,61.230000,37.770153,2845300
2016-11-18,61.220001,61.240002,60.320000,60.860001,37.541916,2996100
2016-11-21,61.849998,62.400002,61.459999,62.020000,38.257473,1946900
2016-11-22,61.860001,61.889999,60.810001,61.570000,37.979889,2473900
2016-11-23,61.099998,62.189999,61.049999,62.000000,38.245140,2758300
2016-11-25,61.470001,61.880001,60.799999,61.880001,38.171104,888700
2016-11-28,62.330002,62.500000,60.730000,61.270000,37.794827,2415800
2016-11-29,60.080002,61.040001,59.700001,60.480000,37.307510,2867100
2016-11-30,63.070000,64.720001,62.520000,64.330002,39.682411,6397500
2016-12-01,64.910004,65.070000,63.720001,64.000000,39.478844,3724100
2016-12-02,63.869999,65.750000,63.470001,65.300003,40.280769,4626800
2016-12-05,65.860001,66.940002,65.349998,66.309998,40.903790,4766500
2016-12-06,65.550003,67.070000,65.220001,66.889999,41.261559,2387600
2016-12-07,66.389999,66.849998,65.570000,66.139999,40.798923,2923700
2016-12-08,66.389999,66.580002,64.230003,65.809998,40.595360,3481200
2016-12-09,66.309998,66.610001,65.629997,66.320000,40.909954,2220000
2016-12-12,66.949997,68.589996,65.540001,66.339996,40.922295,5644400
2016-12-13,66.480003,68.089996,65.889999,66.230003,40.854446,2818300
2016-12-14,66.000000,66.190002,64.250000,64.739998,39.935322,3555700
2016-12-15,64.389999,65.830002,64.110001,65.349998,40.311607,4902500
2016-12-16,65.570000,66.529999,64.959999,66.389999,40.953140,6142300
2016-12-19,66.099998,66.540001,65.320000,65.730003,40.546017,2380200
2016-12-20,66.089996,66.589996,64.839996,65.150002,40.188240,2209000
2016-12-21,65.599998,65.910004,64.760002,64.889999,40.027851,2359500
2016-12-22,64.919998,65.940002,64.919998,65.610001,40.471996,2688500
2016-12-23,65.250000,65.480003,64.730003,64.930000,40.052532,1176600
2016-12-27,65.150002,65.690002,64.930000,65.550003,40.434971,2224500
2016-12-28,65.529999,65.720001,64.360001,64.709999,39.916824,2255500
2016-12-29,64.580002,64.900002,64.010002,64.720001,39.922993,1461300
2016-12-30,64.639999,65.360001,64.589996,64.970001,40.077206,1872700
2017-01-03,65.290001,65.800003,63.700001,65.029999,40.114212,2710300
2017-01-04,64.080002,65.459999,64.080002,64.750000,39.941498,2122600
2017-01-05,64.839996,65.360001,64.089996,64.349998,39.694752,2028500
2017-01-06,64.169998,64.720001,63.470001,63.959999,39.454178,2554500
2017-01-09,63.320000,63.939999,63.049999,63.240002,39.010044,1836600
2017-01-10,63.500000,63.619999,62.270000,62.380001,38.479542,3270000
2017-01-11,62.520000,63.630001,62.240002,63.380001,39.096401,1857000
2017-01-12,63.619999,63.799999,62.400002,62.419998,38.504215,1672600
2017-01-13,62.209999,62.340000,60.730000,60.919998,37.578930,3107900
2017-01-17,61.450001,61.990002,61.099998,61.900002,38.183449,2927700
2017-01-18,61.470001,62.070000,61.110001,61.740002,38.084747,2468200
2017-01-19,61.540001,62.570000,61.540001,61.959999,38.220455,1882500
2017-01-20,62.160000,62.689999,61.299999,61.980000,38.232792,2144200
2017-01-23,61.400002,61.630001,60.259998,61.419998,37.887356,2002600
2017-01-24,61.889999,62.820000,61.630001,62.680000,38.664600,1668100
2017-01-25,62.369999,63.689999,62.369999,63.599998,39.232105,3122600
2017-01-26,63.849998,63.950001,61.189999,63.099998,38.923672,5783500
2017-01-27,63.000000,63.480000,62.610001,63.090000,38.917511,2067400
2017-01-30,62.990002,63.310001,61.160000,61.820000,38.134098,2790800
2017-01-31,61.910000,63.189999,61.520000,63.080002,38.911343,2535900
2017-02-01,63.669998,63.779999,61.950001,62.580002,38.602905,2909600
2017-02-02,62.590000,62.700001,62.020000,62.410000,38.602909,2110300
2017-02-03,62.470001,62.500000,61.400002,61.849998,38.256531,2569400
2017-02-06,62.029999,62.070000,61.360001,61.680000,38.151379,1519600
2017-02-07,61.369999,61.619999,60.820000,61.360001,37.953453,3022400
2017-02-08,60.990002,61.540001,60.619999,61.160000,37.829735,4015600
2017-02-09,61.840000,62.410000,61.049999,61.060001,37.767891,2300500
2017-02-10,62.799999,63.090000,60.980000,61.150002,37.823555,3130700
2017-02-13,61.230000,61.290001,60.410000,61.060001,37.767891,4155400
2017-02-14,61.270000,61.599998,60.330002,61.500000,38.040047,1939500
2017-02-15,61.169998,61.700001,60.970001,61.500000,38.040047,2247500
2017-02-16,61.500000,61.770000,60.919998,61.200001,37.854481,1949200
2017-02-17,60.790001,61.090000,60.389999,60.759998,37.582325,1680200
2017-02-21,61.290001,61.340000,60.450001,60.549999,37.452435,1686600
2017-02-22,60.470001,60.700001,60.200001,60.549999,37.452435,2161200
2017-02-23,60.990002,61.200001,59.810001,59.970001,37.093678,2114500
2017-02-24,59.520000,60.189999,59.430000,59.799999,36.988525,2730100
2017-02-27,59.869999,60.790001,59.720001,60.250000,37.266872,2265700
2017-02-28,60.029999,60.599998,59.770000,60.279999,37.285427,2913300
2017-03-01,60.919998,62.240002,60.740002,61.830002,38.244167,1990900
2017-03-02,61.570000,61.750000,60.669998,60.720001,37.557583,1757700
2017-03-03,60.720001,60.840000,59.880001,59.889999,37.044193,1612200
2017-03-06,59.810001,60.029999,59.310001,59.970001,37.093678,1805900
2017-03-07,60.139999,60.230000,59.189999,59.410000,36.747303,1748600
2017-03-08,59.070000,59.230000,57.540001,57.709999,35.695778,2703800
2017-03-09,57.340000,57.650002,56.619999,57.400002,35.504036,3845700
2017-03-10,57.680000,57.930000,56.220001,56.279999,34.811283,3277600
2017-03-13,56.490002,56.869999,56.150002,56.680000,35.058697,1665100
2017-03-14,56.240002,57.020000,55.930000,56.470001,34.928810,2040800
2017-03-15,56.910000,58.110001,56.500000,57.709999,35.695778,2294000
2017-03-16,57.689999,58.630001,57.320000,58.240002,36.023609,1974600
2017-03-17,58.459999,59.740002,58.330002,58.930000,36.450409,3693900
2017-03-20,58.750000,60.430000,58.270000,60.410000,37.365829,2763000
2017-03-21,60.380001,60.689999,59.990002,60.230000,37.254501,2418400
2017-03-22,59.990002,61.200001,59.680000,60.540001,37.446251,2892500
2017-03-23,60.250000,60.320000,59.029999,59.160000,36.592670,2587000
2017-03-24,59.189999,59.799999,58.860001,58.990002,36.487518,1562400
2017-03-27,58.299999,58.520000,57.810001,58.070000,35.918465,1854600
2017-03-28,58.349998,59.220001,57.669998,59.070000,36.536999,2862300
2017-03-29,59.060001,60.720001,58.779999,60.020000,37.124603,1839600
2017-03-30,60.369999,60.419998,59.090000,59.310001,36.685444,5912900
2017-03-31,59.430000,60.380001,59.310001,59.820000,37.000900,2652700
2017-04-03,59.820000,60.049999,59.580002,59.689999,36.920490,1908900
2017-04-04,59.700001,60.259998,59.060001,60.150002,37.205021,1831100
2017-04-05,60.639999,61.830002,60.119999,60.360001,37.334908,1951700
2017-04-06,60.689999,61.110001,60.480000,60.939999,37.693657,1403300
2017-04-07,61.020000,62.000000,60.619999,61.279999,37.903965,1168800
2017-04-10,61.490002,62.200001,61.369999,61.709999,38.169933,1383100
2017-04-11,61.810001,61.810001,60.520000,60.869999,37.650364,1348800
2017-04-12,60.740002,61.450001,60.200001,60.340000,37.322540,1757100
2017-04-13,60.200001,60.490002,59.299999,59.459999,36.778233,1482300
2017-04-17,59.459999,59.700001,59.119999,59.619999,36.877197,2120200
2017-04-18,59.150002,60.450001,59.090000,60.009998,37.118420,2517000
2017-04-19,59.910000,60.139999,59.320000,59.470001,36.784412,2940700
2017-04-20,59.689999,59.980000,59.369999,59.500000,36.802963,1945000
2017-04-21,58.959999,59.610001,57.680000,57.680000,35.677235,3399300
2017-04-24,58.209999,58.950001,57.860001,58.650002,36.277214,3070100
2017-04-25,56.810001,59.529999,56.090000,59.290001,36.673073,4597400
2017-04-26,58.380001,59.810001,58.110001,59.459999,36.778233,3784300
2017-04-27,58.830002,59.669998,58.270000,59.650002,36.895756,3989100
2017-04-28,60.009998,60.099998,59.160000,59.369999,36.722565,3082500
2017-05-01,59.369999,59.939999,59.150002,59.709999,36.932861,2191100
2017-05-02,59.779999,59.959999,59.270000,59.570000,36.846268,2578400
2017-05-03,59.279999,59.790001,58.389999,59.049999,36.524628,3066600
2017-05-04,58.450001,58.540001,56.900002,57.410000,35.612755,3235300
2017-05-05,57.590000,59.470001,57.400002,59.330002,36.803768,3052900
2017-05-08,59.139999,59.759998,58.730000,59.480000,36.896816,1925500
2017-05-09,59.299999,59.419998,58.570000,58.599998,36.350941,1936800
2017-05-10,59.160000,60.490002,58.799999,60.070000,37.262810,2343100
2017-05-11,60.470001,60.770000,59.259998,59.330002,36.803768,1804100
2017-05-12,59.150002,59.509998,57.520000,58.259998,36.140026,4096300
2017-05-15,59.470001,59.560001,58.000000,58.009998,35.984947,2222800
2017-05-16,58.419998,58.419998,57.450001,57.500000,35.668583,2879200
2017-05-17,57.500000,58.099998,57.040001,57.430000,35.625164,3420300
2017-05-18,57.040001,58.060001,57.040001,57.130001,35.439068,2080000
2017-05-19,57.430000,58.310001,57.259998,58.220001,36.115219,2620700
2017-05-22,58.570000,58.599998,57.410000,58.000000,35.978741,1868600
2017-05-23,57.849998,58.110001,57.279999,57.669998,35.774033,1269800
2017-05-24,57.810001,58.150002,56.840000,56.930000,35.314995,2024300
2017-05-25,56.799999,57.080002,54.759998,54.840000,34.018528,4413700
2017-05-26,54.900002,55.639999,54.750000,55.450001,34.396923,2353600
2017-05-30,55.169998,55.650002,54.619999,55.070000,34.161198,2319000
2017-05-31,54.349998,55.419998,54.209999,55.150002,34.210827,3906100
2017-06-01,55.150002,55.529999,54.320000,55.529999,34.446541,2748800
2017-06-02,55.009998,55.139999,54.250000,54.950001,34.086758,2309900
2017-06-05,54.860001,55.220001,54.689999,54.730000,33.950283,1577000
2017-06-06,54.590000,55.709999,54.330002,55.599998,34.489964,3228800
2017-06-07,55.490002,55.619999,53.419998,54.279999,33.671139,4172000
2017-06-08,54.279999,54.700001,53.849998,54.340000,33.708355,2626400
2017-06-09,54.419998,55.790001,54.279999,55.529999,34.446541,3154700
2017-06-12,56.169998,56.430000,55.639999,56.160000,34.837345,3176700
2017-06-13,56.029999,57.070000,55.599998,57.070000,35.401844,2917300
2017-06-14,56.770000,56.779999,55.330002,56.110001,34.806328,3816600
2017-06-15,55.650002,56.619999,55.650002,56.320000,34.936596,2633300
2017-06-16,56.580002,57.529999,55.860001,57.290001,35.538319,3687700
2017-06-19,57.250000,57.250000,56.369999,56.549999,35.079277,1794700
2017-06-20,55.759998,56.169998,55.290001,55.470001,34.409328,4323000
2017-06-21,55.360001,55.470001,54.410000,54.849998,34.024731,3700100
2017-06-22,54.779999,55.070000,54.150002,54.520000,33.820015,6118800
2017-06-23,54.389999,54.759998,53.570000,53.990002,33.491245,6400100
2017-06-26,54.230000,54.430000,53.680000,53.700001,33.311359,1978800
2017-06-27,53.779999,54.060001,53.320000,53.369999,33.106647,2195700
2017-06-28,53.580002,54.070000,53.360001,53.500000,33.187294,1995400
2017-06-29,53.680000,54.419998,53.209999,53.520000,33.199699,3293700
2017-06-30,54.060001,54.919998,53.730000,54.509998,33.813805,5106100
2017-07-03,55.000000,57.730000,54.570000,57.680000,35.780243,4124500
2017-07-05,40.799999,40.820000,37.250000,37.250000,33.171082,5883300
2017-07-06,38.090000,38.090000,36.520000,37.009998,32.957355,5133800
2017-07-07,38.139999,38.590000,36.119999,37.910000,33.758808,6086000
2017-07-10,37.630001,38.169998,36.799999,37.230000,33.153267,4721500
2017-07-11,37.310001,37.779999,36.889999,37.349998,33.260128,2796200
2017-07-12,37.770000,37.990002,37.250000,37.369999,33.277931,3268800
2017-07-13,37.450001,37.650002,36.689999,36.840000,32.805973,4086800
2017-07-14,37.000000,37.490002,36.910000,37.349998,33.260128,2874700
2017-07-17,37.709999,38.369999,37.639999,37.639999,33.518368,3926100
2017-07-18,37.520000,37.779999,36.730000,36.750000,32.725834,3279000
2017-07-19,36.590000,37.090000,36.360001,36.540001,32.538822,4235200
2017-07-20,36.590000,36.900002,34.860001,34.970001,31.140745,6623500
2017-07-21,34.730000,34.880001,33.439999,34.119999,30.383812,7851700
2017-07-24,34.259998,34.459999,33.880001,34.360001,30.597534,2850900
2017-07-25,34.810001,35.279999,34.770000,35.250000,31.390079,2979800
2017-07-26,35.580002,36.180000,35.220001,36.049999,32.102482,3826000
2017-07-27,35.970001,37.040001,35.700001,36.160000,32.200432,4730100
2017-07-28,34.849998,37.500000,34.230000,37.099998,33.037495,4263800
2017-07-31,37.139999,37.169998,36.430000,36.889999,32.850491,3318800
2017-08-01,36.820000,36.830002,35.410000,35.700001,31.790804,2955200
2017-08-02,35.360001,35.549999,35.029999,35.349998,31.479126,3405700
2017-08-03,35.259998,35.509998,35.070000,35.310001,31.443506,3200200
2017-08-04,35.419998,35.540001,35.060001,35.230000,31.372269,3115500
2017-08-07,35.099998,35.270000,34.400002,34.560001,30.775637,2058600
2017-08-08,34.750000,35.470001,34.639999,34.939999,31.114021,2155700
2017-08-09,34.790001,35.290001,34.759998,35.020000,31.337736,2267000
2017-08-10,35.009998,35.290001,34.570000,34.700001,31.051382,1984500
2017-08-11,34.509998,34.889999,34.279999,34.290001,30.684488,1193200
2017-08-14,34.509998,34.540001,34.139999,34.259998,30.657648,1933500
2017-08-15,34.029999,34.419998,34.029999,34.310001,30.702396,2158600
2017-08-16,34.369999,34.509998,33.759998,33.830002,30.272865,1383400
2017-08-17,33.790001,34.090000,32.750000,32.799999,29.351166,2230700
2017-08-18,32.740002,33.130001,32.430000,32.770000,29.324318,3248500
2017-08-21,32.770000,32.990002,32.459999,32.540001,29.118505,2354700
2017-08-22,32.619999,32.950001,32.430000,32.689999,29.252729,1874800
2017-08-23,32.509998,33.240002,32.509998,33.040001,29.565929,1580000
2017-08-24,33.090000,33.090000,32.540001,32.820000,29.369061,1787200
2017-08-25,32.880001,33.410000,32.869999,33.259998,29.762794,2037100
2017-08-28,33.270000,33.400002,32.820000,33.250000,29.753847,2518100
2017-08-29,33.099998,33.810001,33.099998,33.750000,30.201269,2253000
2017-08-30,33.599998,33.730000,33.240002,33.509998,29.986506,1637300
2017-08-31,33.990002,34.349998,33.459999,33.900002,30.335506,3648400
2017-09-01,33.970001,34.439999,33.730000,34.299999,30.693443,1724400
2017-09-05,34.830002,35.450001,34.490002,34.970001,31.292995,4386800
2017-09-06,35.389999,35.740002,34.720001,34.740002,31.087173,3353300
2017-09-07,34.770000,35.250000,34.290001,34.750000,31.096128,2086000
2017-09-08,34.770000,34.980000,34.060001,34.419998,30.800829,3019000
2017-09-11,34.520000,35.599998,34.369999,35.480000,31.749363,2849500
2017-09-12,35.380001,36.400002,35.240002,35.959999,32.178898,3548600
2017-09-13,35.939999,36.730000,35.900002,36.090000,32.295231,4303400
2017-09-14,36.349998,37.139999,36.200001,36.380001,32.554737,4785700
2017-09-15,36.369999,36.910000,36.369999,36.900002,33.020058,8293100
2017-09-18,36.910000,37.490002,36.779999,37.360001,33.431686,3251900
2017-09-19,37.310001,37.450001,37.060001,37.389999,33.458538,2961500
2017-09-20,37.549999,37.680000,37.240002,37.500000,33.556969,2254100
2017-09-21,37.169998,37.259998,36.369999,36.580002,32.733711,2626500
2017-09-22,36.529999,36.740002,36.279999,36.669998,32.814236,3605800
2017-09-25,36.849998,38.099998,36.630001,37.520000,33.574871,4737000
2017-09-26,37.340000,37.340000,36.660000,37.040001,33.145344,2629100
2017-09-27,37.099998,37.200001,36.689999,36.930000,33.046909,2168600
2017-09-28,37.119999,37.240002,36.560001,37.029999,33.136391,2129600
2017-09-29,36.799999,37.049999,36.320000,36.619999,32.769493,3251200
2017-10-02,35.959999,36.910000,35.919998,36.860001,32.984264,1908600
2017-10-03,36.840000,37.099998,36.389999,36.669998,32.814236,2465800
2017-10-04,36.750000,37.090000,36.529999,36.709999,32.850029,1970200
2017-10-05,36.840000,36.919998,36.459999,36.480000,32.644218,1909800
2017-10-06,36.160000,36.709999,36.040001,36.529999,32.688965,1827900
2017-10-09,36.590000,36.669998,35.799999,35.840000,32.071522,3165100
2017-10-10,36.060001,36.230000,34.919998,34.970001,31.292995,4350100
2017-10-11,34.810001,34.900002,34.230000,34.389999,30.773975,4578200
2017-10-12,34.139999,34.299999,33.779999,33.919998,30.353392,4677500
2017-10-13,34.259998,34.599998,33.709999,33.730000,30.183374,2854900
2017-10-16,34.040001,34.230000,33.639999,33.700001,30.156534,2896300
2017-10-17,33.639999,34.070000,33.299999,33.790001,30.237066,4636800
2017-10-18,33.840000,34.259998,33.750000,33.799999,30.246012,2631400
2017-10-19,33.549999,33.889999,33.049999,33.150002,29.664364,4702300
2017-10-20,32.009998,33.430000,31.440001,33.259998,29.762794,7152600
2017-10-23,33.099998,33.259998,31.400000,31.469999,28.161009,5767300
2017-10-24,31.559999,31.660000,30.629999,30.690001,27.463022,4213800
2017-10-25,30.700001,30.860001,30.000000,30.070000,26.908215,4849000
2017-10-26,30.120001,30.340000,29.730000,29.940001,26.791887,2599000
2017-10-27,29.790001,31.309999,29.620001,31.299999,28.008884,4641700
2017-10-30,31.180000,31.770000,31.090000,31.500000,28.187853,4545500
2017-10-31,31.290001,31.530001,31.049999,31.430000,28.125221,3144700
2017-11-01,31.750000,32.340000,31.559999,31.850000,28.501059,3127200
2017-11-02,31.790001,32.169998,31.100000,31.280001,27.990986,3900500
2017-11-03,30.910000,31.459999,30.850000,31.180000,28.062990,4539100
2017-11-06,31.549999,33.980000,31.540001,33.919998,30.529074,8134500
2017-11-07,34.040001,34.080002,33.310001,33.400002,30.061060,4451300
2017-11-08,33.240002,33.720001,32.790001,32.840000,29.557043,3370200
2017-11-09,32.689999,32.950001,32.189999,32.740002,29.467043,4218700
2017-11-10,32.650002,33.139999,32.400002,32.950001,29.656050,2512600
2017-11-13,32.740002,32.790001,31.840000,31.879999,28.693010,3665000
2017-11-14,31.459999,31.750000,29.950001,30.510000,27.459970,6311900
2017-11-15,29.850000,30.830000,29.620001,30.600000,27.540972,4733200
2017-11-16,30.610001,31.150000,30.110001,30.150000,27.135954,3926900
2017-11-17,30.200001,31.020000,30.160000,30.910000,27.819979,2690600
2017-11-20,30.920000,30.920000,30.309999,30.440001,27.396969,3927200
2017-11-21,30.549999,30.990000,30.549999,30.660000,27.594971,3346100
2017-11-22,30.750000,31.129999,30.600000,30.709999,27.639977,3378900
2017-11-24,30.780001,31.110001,30.600000,30.799999,27.720976,1314100
2017-11-27,30.670000,30.799999,30.180000,30.309999,27.279959,2622600
2017-11-28,30.200001,30.370001,29.990000,30.080000,27.072954,4314500
2017-11-29,30.030001,30.299999,29.900000,29.980000,26.982950,4887900
2017-11-30,30.020000,30.629999,29.700001,29.730000,26.757940,11606400
2017-12-01,30.040001,30.830000,29.830000,30.700001,27.630978,10813100
2017-12-04,30.700001,32.590000,30.600000,31.709999,28.540005,7928400
2017-12-05,31.750000,31.990000,30.750000,30.809999,27.729979,4719800
2017-12-06,30.650000,31.170000,30.290001,30.510000,27.459970,4477500
2017-12-07,30.520000,31.100000,30.299999,30.370001,27.333969,3670100
2017-12-08,30.549999,30.799999,30.070000,30.260000,27.234962,4723800
2017-12-11,30.459999,30.690001,30.209999,30.590000,27.531971,7036900
2017-12-12,30.680000,31.660000,30.590000,30.950001,27.855982,5889000
2017-12-13,30.900000,31.020000,30.090000,30.330000,27.297964,5404100
2017-12-14,30.080000,30.840000,30.020000,30.590000,27.531971,7625300
2017-12-15,30.770000,30.840000,30.100000,30.260000,27.234962,9025300
2017-12-18,30.430000,31.230000,30.330000,31.030001,27.927986,6014800
2017-12-19,31.200001,32.090000,30.860001,31.830000,28.648012,6025200
2017-12-20,31.900000,32.880001,31.809999,32.740002,29.467043,4432100
2017-12-21,32.730000,33.119999,32.290001,32.299999,29.071026,6206700
2017-12-22,31.870001,32.459999,31.490000,32.230000,29.008022,2640600
2017-12-26,32.230000,32.470001,31.900000,32.060001,28.855019,2191600
2017-12-27,32.080002,32.349998,31.879999,32.029999,28.828014,2930100
2017-12-28,32.000000,32.130001,31.270000,31.400000,28.260996,2746400
2017-12-29,31.580000,31.799999,31.059999,31.639999,28.477005,3050200
2018-01-02,31.709999,32.240002,31.610001,32.230000,29.008022,3653300
2018-01-03,32.430000,33.650002,32.410000,33.529999,30.178068,4954200
2018-01-04,33.779999,34.669998,33.299999,34.630001,31.168097,6213700
2018-01-05,34.700001,34.700001,33.689999,34.439999,30.997089,4034600
2018-01-08,34.419998,34.580002,33.650002,34.509998,31.060093,4656800
2018-01-09,34.520000,35.049999,34.090000,35.029999,31.528112,3396700
2018-01-10,34.970001,35.650002,34.869999,35.470001,31.924122,3495700
2018-01-11,35.500000,36.619999,35.099998,36.500000,32.851162,5641500
2018-01-12,36.419998,37.230000,36.250000,37.200001,33.481182,4082400
2018-01-16,37.080002,37.099998,36.060001,36.279999,32.653152,3872600
2018-01-17,36.360001,36.650002,35.939999,36.290001,32.662151,4074900
2018-01-18,36.070000,36.119999,34.639999,34.740002,31.267099,7035400
2018-01-19,34.369999,34.939999,34.200001,34.740002,31.267099,5061800
2018-01-22,35.000000,35.759998,34.360001,35.549999,31.996120,6013100
2018-01-23,35.560001,36.040001,34.990002,35.820000,32.239136,6187300
2018-01-24,35.959999,36.160000,33.160000,33.779999,30.403072,10236300
2018-01-25,33.799999,33.880001,32.290001,32.310001,29.080025,6468800
2018-01-26,32.470001,33.009998,32.099998,32.740002,29.467043,3885100
2018-01-29,32.500000,32.700001,31.320000,31.400000,28.260996,4832600
2018-01-30,31.080000,31.889999,30.719999,31.860001,28.675011,6497600
2018-01-31,31.870001,32.820000,31.650000,32.150002,28.936020,7545900
2018-02-01,32.500000,33.070000,32.049999,32.450001,29.206032,6530500
2018-02-02,31.799999,31.980000,30.900000,31.049999,28.101868,6506400
2018-02-05,30.780001,31.240000,29.209999,29.379999,26.590431,4453400
2018-02-06,28.850000,29.590000,28.030001,29.219999,26.445621,8368700
2018-02-07,29.430000,29.830000,28.639999,28.809999,26.074553,3656300
2018-02-08,28.940001,29.059999,27.450001,27.500000,24.888931,7637900
2018-02-09,27.670000,27.780001,25.680000,26.500000,23.983881,6341900
2018-02-12,26.879999,27.120001,26.010000,26.850000,24.300646,9381400
2018-02-13,26.730000,26.760000,25.900000,25.940001,23.477051,4477000
2018-02-14,25.639999,26.629999,25.629999,26.420000,23.911474,6140900
2018-02-15,26.500000,26.770000,25.530001,26.139999,23.658060,4577400
2018-02-16,26.000000,27.020000,26.000000,26.530001,24.011034,4532100
2018-02-20,26.549999,26.980000,26.270000,26.440001,23.929577,3625400
2018-02-21,26.320000,28.230000,25.870001,26.760000,24.219193,11370000
2018-02-22,27.080000,28.570000,27.080000,28.040001,25.377661,9084300
2018-02-23,28.129999,28.480000,27.670000,28.030001,25.368612,4811600
2018-02-26,28.219999,28.219999,27.260000,27.629999,25.006588,5885800
2018-02-27,27.709999,27.980000,26.990000,27.000000,24.436409,3075400
2018-02-28,27.150000,27.270000,26.290001,26.400000,23.893373,3674300
2018-03-01,26.450001,27.480000,26.379999,27.129999,24.554062,8132200
2018-03-02,26.969999,27.570000,26.330000,27.450001,24.843681,3327600
2018-03-05,27.270000,28.200001,27.129999,28.020000,25.359560,4058500
2018-03-06,28.129999,28.639999,28.059999,28.549999,25.839237,5565900
2018-03-07,28.250000,29.000000,28.230000,28.920000,26.174107,6977400
2018-03-08,29.110001,29.799999,28.830000,29.309999,26.527077,7533500
2018-03-09,29.549999,30.320000,29.549999,30.240000,27.368773,5969600
2018-03-12,30.340000,30.950001,30.270000,30.790001,27.866552,5750100
2018-03-13,30.870001,31.160000,29.900000,30.350000,27.468334,4864500
2018-03-14,30.430000,30.920000,30.379999,30.600000,27.694597,4037700
2018-03-15,30.660000,30.690001,29.350000,29.889999,27.052006,5505400
2018-03-16,29.969999,31.049999,29.920000,30.920000,27.984209,9629400
2018-03-19,30.750000,30.840000,30.170000,30.570000,27.667444,4544000
2018-03-20,30.590000,30.840000,29.840000,29.850000,27.015804,5588500
2018-03-21,29.910000,31.200001,29.750000,30.959999,28.020411,5739100
2018-03-22,30.610001,30.690001,29.750000,29.780001,26.952452,4531900
2018-03-23,30.030001,30.070000,29.049999,29.200001,26.427521,5951400
2018-03-26,29.580000,30.059999,28.639999,29.910000,27.070107,6501900
2018-03-27,29.780001,30.370001,29.020000,29.200001,26.427521,5779800
2018-03-28,29.200001,29.530001,28.020000,28.070000,25.404810,4761700
2018-03-29,28.070000,28.170000,27.660000,27.770000,25.133295,7008300
2018-04-02,28.110001,28.120001,27.180000,27.770000,25.133295,4745000
2018-04-03,28.350000,28.980000,27.250000,28.920000,26.174107,5743900
2018-04-04,28.379999,30.049999,28.059999,29.959999,27.115358,6282900
2018-04-05,30.010000,30.600000,29.459999,29.709999,26.889095,5216600
2018-04-06,29.299999,29.820000,29.250000,29.580000,26.771442,3700100
2018-04-09,29.820000,29.889999,29.200001,29.400000,26.608530,3758600
2018-04-10,29.809999,31.219999,29.809999,30.889999,27.957056,4223000
2018-04-11,30.840000,31.809999,30.790001,31.219999,28.255726,3364200
2018-04-12,31.389999,32.240002,31.110001,32.130001,29.079323,4044500
2018-04-13,32.240002,32.860001,31.870001,32.570000,29.477547,3357200
2018-04-16,32.590000,32.930000,31.980000,32.840000,29.721912,3279600
2018-04-17,32.959999,33.259998,32.770000,32.810001,29.694759,3252500
2018-04-18,33.020000,34.259998,32.919998,33.759998,30.554556,4437800
2018-04-19,33.750000,34.360001,33.080002,33.709999,30.509300,4564700
2018-04-20,33.720001,35.680000,33.160000,33.990002,30.762722,8271300
2018-04-23,34.020000,35.160000,33.790001,34.950001,31.631567,5526800
2018-04-24,35.080002,35.439999,34.090000,34.630001,31.341953,3588500
2018-04-25,34.630001,35.650002,34.360001,35.110001,31.776373,4332600
2018-04-26,35.110001,36.080002,35.000000,35.980000,32.563774,3711300
2018-04-27,35.619999,36.490002,35.619999,36.000000,32.581871,4649300
2018-04-30,35.770000,36.490002,35.730000,36.110001,32.681438,3522500
2018-05-01,35.810001,36.130001,35.369999,35.639999,32.256058,4065000
2018-05-02,35.389999,36.110001,35.369999,35.599998,32.219849,3925300
2018-05-03,35.490002,35.669998,35.180000,35.599998,32.219849,3838300
2018-05-04,35.330002,36.189999,35.299999,36.000000,32.581871,3047800
2018-05-07,36.200001,36.840000,35.570000,35.630001,32.247002,3529000
2018-05-08,35.619999,36.180000,35.119999,36.029999,32.609024,3299800
2018-05-09,36.470001,37.759998,36.290001,36.369999,32.916748,5141300
2018-05-10,35.930000,36.310001,35.459999,36.180000,32.744789,3814700
2018-05-11,36.130001,36.290001,35.689999,35.759998,32.364662,2741800
2018-05-14,35.750000,36.410000,35.639999,35.680000,32.292255,2073400
2018-05-15,35.799999,36.130001,35.509998,36.070000,32.645229,2359100
2018-05-16,36.200001,36.970001,35.990002,36.849998,33.351170,2877000
2018-05-17,37.000000,37.410000,36.570000,36.639999,33.161110,4268100
2018-05-18,36.720001,36.790001,35.849998,35.869999,32.464214,3681500
2018-05-21,35.950001,36.410000,35.849998,36.290001,33.009991,2980400
2018-05-22,36.480000,37.070000,36.070000,36.400002,33.110043,3080300
2018-05-23,35.970001,36.529999,35.660000,36.040001,32.782589,4017400
2018-05-24,35.529999,36.349998,35.020000,35.669998,32.446026,3014700
2018-05-25,34.700001,34.869999,33.820000,34.700001,31.563698,3602500
2018-05-29,34.270000,35.009998,34.000000,34.869999,31.718323,3065900
2018-05-30,35.279999,36.419998,35.000000,35.689999,32.464214,2507900
2018-05-31,35.450001,35.549999,34.580002,34.590000,31.463633,5033900
2018-06-01,34.980000,35.430000,34.389999,34.930000,31.772903,2905400
2018-06-04,34.500000,34.810001,32.250000,32.669998,29.717173,6237100
2018-06-05,32.570000,33.730000,32.439999,33.610001,30.572216,5632600
2018-06-06,33.740002,34.990002,33.689999,34.639999,31.509123,6149400
2018-06-07,34.820000,35.680000,34.540001,34.689999,31.554600,4293000
2018-06-08,34.590000,34.759998,33.889999,34.700001,31.563698,3121300
2018-06-11,34.570000,34.700001,34.099998,34.150002,31.063410,3581500
2018-06-12,34.230000,34.799999,34.130001,34.540001,31.418152,4079400
2018-06-13,34.480000,34.480000,33.799999,34.060001,30.981544,4910900
2018-06-14,34.290001,34.419998,33.580002,33.680000,30.635885,4253600
2018-06-15,33.400002,33.439999,32.529999,32.570000,29.626215,8217400
2018-06-18,32.540001,32.919998,32.330002,32.540001,29.598930,5268100
2018-06-19,32.320000,33.200001,32.029999,32.750000,29.789946,5834300
2018-06-20,32.970001,33.169998,32.150002,33.070000,30.081022,3138300
2018-06-21,32.590000,32.959999,32.240002,32.320000,29.398806,4137700
2018-06-22,33.299999,33.610001,32.590000,32.720001,29.762659,9963700
2018-06-25,32.689999,32.910000,32.119999,32.439999,29.507965,3520200
2018-06-26,32.500000,33.459999,32.349998,33.130001,30.135601,3695800
2018-06-27,33.570000,34.639999,33.520000,33.599998,30.563116,4098500
2018-06-28,33.459999,33.669998,32.770000,32.950001,29.971870,2929800
2018-06-29,33.029999,33.439999,32.860001,33.029999,30.044638,3390300
2018-07-02,32.830002,33.110001,32.189999,32.939999,29.962769,3634600
2018-07-03,33.599998,33.840000,33.200001,33.290001,30.281136,2004600
2018-07-05,33.330002,33.549999,33.180000,33.250000,30.244753,2406100
2018-07-06,33.169998,33.919998,32.970001,33.669998,30.626795,2491800
2018-07-09,33.889999,34.759998,33.820000,34.439999,31.327192,2481900
2018-07-10,34.500000,34.820000,33.900002,34.270000,31.172565,2315600
2018-07-11,33.860001,34.070000,32.680000,32.919998,29.944582,3758100
2018-07-12,33.000000,33.209999,32.470001,32.770000,29.808140,4180800
2018-07-13,32.680000,33.090000,32.419998,32.630001,29.680794,2337600
2018-07-16,32.250000,32.490002,32.080002,32.330002,29.407906,1387700
2018-07-17,32.200001,32.790001,31.990000,32.639999,29.689888,3691500
2018-07-18,32.160000,32.720001,31.809999,32.549999,29.608023,4141700
2018-07-19,32.250000,32.549999,31.730000,31.780001,28.907618,5255800
2018-07-20,31.299999,32.700001,30.809999,32.000000,29.107733,8592000
2018-07-23,31.850000,32.759998,31.340000,32.500000,29.562540,5229800
2018-07-24,32.990002,33.430000,32.830002,32.990002,30.008257,5201900
2018-07-25,33.099998,33.459999,32.580002,33.270000,30.262945,4976700
2018-07-26,33.270000,34.029999,32.889999,34.020000,30.945154,3515400
2018-07-27,33.830002,35.040001,33.830002,34.730000,31.590981,3865000
2018-07-30,35.310001,35.380001,34.630001,34.689999,31.554600,3035100
2018-07-31,34.250000,34.900002,34.250000,34.580002,31.454548,3416200
2018-08-01,34.240002,34.330002,33.740002,34.270000,31.172565,2943700
2018-08-02,33.840000,34.169998,33.630001,33.939999,30.872387,2175300
2018-08-03,33.880001,34.180000,33.340000,33.880001,30.817816,4126300
2018-08-06,33.910000,34.990002,33.830002,34.900002,31.745615,4814300
2018-08-07,35.250000,35.549999,35.000000,35.180000,32.000309,2661200
2018-08-08,35.009998,35.160000,34.779999,35.049999,31.882053,2312500
2018-08-09,34.860001,35.099998,34.389999,34.669998,31.536406,3040200
2018-08-10,34.619999,35.040001,34.369999,34.750000,31.609175,2381200
2018-08-13,34.500000,34.680000,33.849998,34.119999,31.197721,4305700
2018-08-14,34.220001,34.520000,33.639999,33.930000,31.023996,4357300
2018-08-15,33.500000,33.580002,31.790001,31.809999,29.085564,4941400
2018-08-16,32.070000,32.209999,31.410000,31.580000,28.875263,3431300
2018-08-17,31.620001,31.690001,30.809999,31.010000,28.354082,4408900
2018-08-20,31.530001,32.080002,31.330000,32.009998,29.268436,3837100
2018-08-21,32.570000,32.570000,32.240002,32.290001,29.524452,2823800
2018-08-22,32.619999,32.689999,32.180000,32.520000,29.734756,2482500
2018-08-23,32.380001,32.439999,32.060001,32.310001,29.542742,2958500
2018-08-24,32.660000,32.919998,32.430000,32.779999,29.972486,1727700
2018-08-27,32.700001,33.740002,32.700001,33.279999,30.429661,1756900
2018-08-28,33.349998,33.970001,33.240002,33.410000,30.548531,3089700
2018-08-29,33.439999,34.180000,33.369999,34.000000,31.088001,2639500
2018-08-30,33.919998,34.150002,33.790001,33.980000,31.069710,1767500
2018-08-31,33.910000,33.910000,32.730000,32.970001,30.146217,2893000
2018-09-04,32.980000,33.230000,32.230000,32.380001,29.606747,2243900
2018-09-05,32.080002,32.080002,31.360001,31.670000,28.957556,2178100
2018-09-06,31.670000,31.920000,30.690001,30.990000,28.335794,2983500
2018-09-07,30.700001,31.600000,30.450001,31.420000,28.728966,3463100
2018-09-10,31.559999,32.290001,31.500000,31.930000,29.195286,1898500
2018-09-11,31.980000,32.770000,31.790001,32.590000,29.798761,2682000
2018-09-12,32.959999,33.230000,32.349998,32.400002,29.625036,2647100
2018-09-13,32.279999,32.299999,31.700001,32.279999,29.515308,2502300
2018-09-14,32.099998,32.330002,31.340000,31.559999,28.856977,3560300
2018-09-17,31.670000,32.029999,31.400000,31.610001,28.902695,2239400
2018-09-18,31.930000,32.279999,31.760000,32.250000,29.487881,3243200
2018-09-19,32.470001,33.099998,32.259998,32.869999,30.054779,2636400
2018-09-20,33.259998,33.520000,32.369999,32.459999,29.679897,2204900
2018-09-21,32.480000,32.919998,32.189999,32.900002,30.082211,3918300
2018-09-24,33.230000,33.540001,32.520000,32.840000,30.027348,3079700
2018-09-25,33.150002,33.799999,33.119999,33.470001,30.603392,2961900
2018-09-26,33.230000,33.939999,33.060001,33.820000,30.923416,3592400
2018-09-27,33.810001,34.369999,33.220001,33.830002,30.932558,4855100
2018-09-28,33.770000,34.490002,33.619999,33.830002,30.932558,3297700
2018-10-01,33.910000,34.060001,32.950001,32.980000,30.155359,4288900
2018-10-02,33.000000,33.500000,31.860001,32.250000,29.487881,3909900
2018-10-03,32.220001,32.250000,31.320000,32.029999,29.286724,6746500
2018-10-04,32.080002,32.790001,31.959999,32.349998,29.579313,3206900
2018-10-05,32.160000,32.480000,31.530001,31.900000,29.167858,2578000
2018-10-08,31.450001,31.969999,31.170000,31.889999,29.158714,2330900
2018-10-09,32.820000,32.990002,31.750000,32.630001,29.835335,2625800
2018-10-10,32.380001,32.689999,31.670000,31.920000,29.186144,3777100
2018-10-11,31.600000,31.860001,30.590000,30.660000,28.034060,3271600
2018-10-12,31.040001,31.260000,30.459999,30.850000,28.207787,2514000
2018-10-15,30.980000,31.160000,30.680000,30.690001,28.061491,2407800
2018-10-16,30.690001,31.000000,30.540001,30.840000,28.198645,3662100
2018-10-17,30.600000,31.010000,30.440001,30.790001,28.152922,2337100
2018-10-18,30.639999,31.260000,30.299999,30.459999,27.851189,4214700
2018-10-19,30.570000,31.209999,29.920000,29.940001,27.375727,2728500
2018-10-22,29.969999,30.000000,29.219999,29.990000,27.421442,3779400
2018-10-23,29.180000,29.219999,28.629999,28.879999,26.406509,4074000
2018-10-24,29.020000,29.170000,27.360001,27.389999,25.044125,3614000
2018-10-25,27.820000,28.160000,27.469999,27.549999,25.190418,3299900
2018-10-26,27.100000,27.950001,26.680000,27.360001,25.016695,4953100
2018-10-29,27.500000,27.770000,26.100000,26.590000,24.312643,4944100
2018-10-30,27.510000,27.510000,25.549999,27.260000,24.925257,7803700
2018-10-31,27.400000,27.700001,26.629999,26.690001,24.404079,6849900
2018-11-01,26.910000,27.129999,25.559999,25.889999,23.672598,5757400
2018-11-02,26.120001,26.480000,25.559999,26.070000,23.837175,5121800
2018-11-05,26.510000,26.959999,26.049999,26.850000,24.550373,4957900
2018-11-06,26.879999,27.299999,26.600000,27.160000,24.833824,6124100
2018-11-07,27.530001,27.790001,26.549999,27.049999,24.733244,3369600
2018-11-08,27.000000,27.309999,26.559999,26.750000,24.458939,4053300
2018-11-09,26.299999,26.910000,25.350000,25.510000,23.325142,8250500
2018-11-12,25.610001,25.670000,23.450001,23.639999,21.615301,7951600
2018-11-13,23.799999,24.459999,23.450001,23.799999,21.761599,12869600
2018-11-14,23.260000,23.760000,22.549999,23.150000,21.167267,79090500
2018-11-15,23.200001,23.770000,22.910000,23.280001,21.452938,15060200
2018-11-16,23.500000,23.799999,23.250000,23.370001,21.535873,16835800
2018-11-19,23.299999,23.549999,22.680000,23.000000,21.194914,9407800
2018-11-20,22.469999,22.719999,21.900000,22.410000,20.651218,10927500
2018-11-21,22.780001,22.980000,22.410000,22.520000,20.752586,5112200
2018-11-23,21.820000,22.469999,21.670000,22.459999,20.697296,3648100
2018-11-26,22.700001,22.940001,22.340000,22.660000,20.881596,6159300
2018-11-27,22.639999,22.709999,22.200001,22.379999,20.623573,9160300
2018-11-28,22.459999,22.980000,22.120001,22.940001,21.139624,5843900
2018-11-29,23.000000,23.410000,22.799999,23.110001,21.296280,6214900
2018-11-30,22.860001,23.080000,22.410000,22.820000,21.029041,14481800
2018-12-03,23.340000,23.549999,22.709999,23.250000,21.425289,8005200
2018-12-04,23.270000,23.450001,22.059999,22.139999,20.402409,6976500
2018-12-06,21.629999,21.709999,21.049999,21.469999,19.784990,7052100
2018-12-07,21.959999,22.299999,21.520000,21.660000,19.960081,5081200
2018-12-10,21.340000,21.600000,20.850000,21.270000,19.600687,4871000
2018-12-11,21.580000,21.719999,20.809999,21.290001,19.619118,6700000
2018-12-12,21.660000,22.080000,21.559999,21.570000,19.877142,5014300
2018-12-13,21.420000,22.160000,21.270000,22.030001,20.301043,5966900
2018-12-14,21.809999,22.080000,21.280001,21.450001,19.766560,9238400
2018-12-17,21.400000,22.090000,21.280001,21.620001,19.923220,6505000
2018-12-18,21.610001,21.790001,21.049999,21.219999,19.554609,5191400
2018-12-19,21.480000,22.219999,20.820000,21.040001,19.388739,8910800
2018-12-20,20.750000,21.389999,20.690001,20.820000,19.186003,6532900
2018-12-21,20.690001,21.330000,20.650000,20.870001,19.232082,10352800
2018-12-24,20.740000,21.240000,20.459999,20.480000,18.872690,2644100
2018-12-26,20.600000,21.520000,20.090000,21.520000,19.831068,4106300
2018-12-27,21.049999,21.490000,20.410000,21.480000,19.794203,6581000
2018-12-28,21.629999,22.120001,21.150000,21.440001,19.757345,4525200
2018-12-31,21.570000,21.580000,21.010000,21.500000,19.812635,3802100
2019-01-02,21.190001,21.629999,20.840000,21.049999,19.397955,7150000
2019-01-03,21.090000,21.350000,20.540001,20.910000,19.268940,6672900
2019-01-04,21.340000,22.120001,21.270000,21.959999,20.236536,5040400
2019-01-07,21.940001,22.750000,21.820000,22.549999,20.780230,4740000
2019-01-08,22.830000,23.270000,22.639999,23.209999,21.388433,4959100
2019-01-09,23.500000,23.780001,23.170000,23.170000,21.351572,5217000
2019-01-10,23.020000,23.770000,22.930000,23.350000,21.517445,5316500
2019-01-11,23.139999,23.250000,22.700001,23.100000,21.287064,4876100
2019-01-14,22.860001,23.360001,22.690001,23.240000,21.416080,4804100
2019-01-15,23.360001,23.650000,22.950001,23.020000,21.213345,3370700
2019-01-16,22.930000,23.280001,22.780001,23.150000,21.333139,4029200
2019-01-17,22.910000,23.709999,22.770000,23.650000,21.793901,3884300
2019-01-18,23.980000,24.360001,23.730000,24.120001,22.227015,4566700
2019-01-22,23.870001,24.020000,23.490000,23.770000,21.904484,5088900
2019-01-23,23.760000,23.900000,22.940001,22.980000,21.176481,4654900
2019-01-24,22.840000,23.360001,22.790001,23.040001,21.231773,4706600
2019-01-25,23.309999,23.660000,22.980000,23.490000,21.646456,6687200
2019-01-28,23.280001,23.280001,22.620001,22.980000,21.176481,4181100
2019-01-29,23.209999,23.360001,23.020000,23.160000,21.342358,3365200
2019-01-30,23.280001,24.160000,23.180000,23.940001,22.061142,4274900
2019-01-31,24.070000,24.959999,23.440001,23.570000,21.720181,9064600
2019-02-01,23.520000,24.590000,23.379999,24.350000,22.611649,4559400
2019-02-04,24.270000,25.010000,23.959999,24.580000,22.825224,6067000
2019-02-05,24.559999,25.200001,24.549999,25.030001,23.243101,6189200
2019-02-06,25.020000,25.370001,24.860001,24.879999,23.103806,4800900
2019-02-07,24.690001,25.040001,23.860001,24.389999,22.648790,5052300
2019-02-08,24.280001,24.690001,24.180000,24.610001,22.853083,4403700
2019-02-11,24.420000,24.940001,24.330000,24.820000,23.048092,3831100
2019-02-12,25.120001,25.299999,24.580000,24.740000,22.973803,6388400
2019-02-13,24.760000,25.570000,24.709999,25.129999,23.335962,4004400
2019-02-14,25.000000,25.750000,24.980000,25.639999,23.809549,6223600
2019-02-15,25.889999,26.030001,25.680000,25.830000,23.985989,4119200
2019-02-19,25.690001,26.139999,25.549999,26.090000,24.227427,2939700
2019-02-20,26.129999,26.980000,26.129999,26.580000,24.682444,4672700
2019-02-21,26.670000,26.670000,26.120001,26.270000,24.394577,4052300
2019-02-22,26.490000,26.559999,26.209999,26.350000,24.468866,3507200
2019-02-25,26.260000,26.920000,26.180000,26.750000,24.840307,3393000
2019-02-26,26.780001,27.090000,26.440001,26.750000,24.840307,4086700
2019-02-27,26.799999,26.889999,26.530001,26.670000,24.766018,2526600
2019-02-28,26.760000,26.799999,26.160000,26.379999,24.496723,4311600
2019-03-01,26.580000,27.129999,26.530001,27.100000,25.165321,4128500
2019-03-04,27.280001,27.510000,26.730000,27.090000,25.156036,4308300
2019-03-05,27.150000,27.180000,26.760000,27.110001,25.174606,4287700
2019-03-06,27.030001,27.030001,26.180000,26.309999,24.431721,4412400
2019-03-07,26.290001,26.360001,25.750000,26.049999,24.190283,3988700
2019-03-08,25.639999,25.790001,25.219999,25.730000,23.893126,3554700
2019-03-11,26.080000,26.780001,26.030001,26.500000,24.608154,4563000
2019-03-12,26.650000,26.910000,26.570000,26.820000,24.905310,3879400
2019-03-13,27.080000,27.370001,26.959999,27.250000,25.304611,3097600
2019-03-14,27.280001,27.790001,27.250000,27.709999,25.731771,5624200
2019-03-15,27.559999,28.030001,27.559999,27.850000,25.861780,9978700
2019-03-18,28.010000,28.410000,28.010000,28.180000,26.168221,4398000
2019-03-19,28.459999,28.610001,27.660000,27.820000,25.833921,4848400
2019-03-20,27.840000,28.480000,27.629999,28.250000,26.233223,4939700
2019-03-21,28.170000,28.650000,27.959999,28.459999,26.428226,3163700
2019-03-22,28.270000,28.320000,27.150000,27.160000,25.221037,4306300
2019-03-25,26.950001,27.469999,26.889999,27.430000,25.471766,2448300
2019-03-26,27.680000,28.110001,27.340000,27.680000,25.703917,2738100
2019-03-27,27.690001,27.879999,27.110001,27.280001,25.332472,2487800
2019-03-28,27.160000,27.450001,26.870001,27.160000,25.221037,3084900
2019-03-29,27.480000,27.820000,27.320000,27.719999,25.741058,7450800
2019-04-01,27.920000,28.150000,27.639999,27.840000,25.852493,4567200
2019-04-02,27.860001,27.930000,26.840000,26.990000,25.063173,5730000
2019-04-03,27.180000,27.440001,26.250000,26.469999,24.580297,5338000
2019-04-04,26.559999,26.780001,26.180000,26.770000,24.858879,4255900
2019-04-05,26.830000,27.139999,26.650000,26.780001,24.868168,3982600
2019-04-08,26.850000,27.270000,26.490000,26.820000,24.905310,4881700
2019-04-09,26.690001,26.830000,26.379999,26.680000,24.775305,4457700
2019-04-10,26.809999,26.980000,26.680000,26.870001,24.951740,3018900
2019-04-11,26.840000,26.990000,26.389999,26.660000,24.756733,2695500
2019-04-12,27.070000,27.129999,26.330000,26.379999,24.496723,4508600
2019-04-15,26.250000,26.440001,25.920000,25.950001,24.097422,2892500
2019-04-16,26.049999,26.139999,25.610001,25.840000,23.995274,4412300
2019-04-17,25.980000,26.280001,25.570000,25.780001,23.939558,3486900
2019-04-18,25.870001,26.049999,25.440001,25.600000,23.772409,2879400
2019-04-22,25.809999,26.680000,25.650000,26.600000,24.701017,4087700
2019-04-23,26.600000,26.930000,25.809999,25.969999,24.115995,7332300
2019-04-24,26.080000,26.240000,25.580000,25.610001,23.781694,3725300
2019-04-25,25.600000,25.910000,25.440001,25.570000,23.744549,4365800
2019-04-26,25.320000,25.780001,25.150000,25.580000,23.753834,3062900
2019-04-29,25.480000,26.049999,25.459999,25.969999,24.115995,3722000
2019-04-30,25.639999,25.809999,23.750000,24.020000,22.305202,10785700
2019-05-01,23.950001,24.340000,23.420000,23.549999,21.868757,7400400
2019-05-02,23.410000,23.820000,23.180000,23.520000,21.840899,4682400
2019-05-03,23.799999,24.280001,23.760000,24.129999,22.407351,4917100
2019-05-06,23.809999,24.240000,23.700001,23.940001,22.230917,3463100
2019-05-07,23.600000,23.639999,23.010000,23.209999,21.553028,2857100
2019-05-08,23.250000,23.400000,22.879999,22.950001,21.311592,3673900
2019-05-09,22.760000,22.770000,22.170000,22.610001,20.995865,6478600
2019-05-10,22.520000,22.570000,22.040001,22.320000,20.726570,3950600
2019-05-13,22.010000,22.090000,21.309999,21.740000,20.187973,4444100
2019-05-14,21.969999,22.459999,21.969999,22.280001,20.689423,3404000
2019-05-15,22.020000,22.820000,21.920000,22.740000,21.116583,2678900
2019-05-16,22.799999,23.000000,22.590000,22.980000,21.339449,3052500
2019-05-17,22.700001,23.270000,22.660000,22.910000,21.274446,4270100
2019-05-20,22.660000,23.360001,22.629999,23.290001,21.798588,4750600
2019-05-21,23.290001,23.830000,23.270000,23.610001,22.098097,3882600
2019-05-22,23.350000,23.540001,23.230000,23.360001,21.864103,5351200
2019-05-23,22.860001,23.080000,22.440001,23.059999,21.583313,6555600
2019-05-24,23.219999,23.360001,22.139999,22.209999,20.787746,5048200
2019-05-28,22.250000,22.379999,21.889999,22.170000,20.750307,4250300
2019-05-29,21.840000,21.840000,21.350000,21.700001,20.310408,4033000
2019-05-30,21.639999,21.770000,21.000000,21.170000,19.814344,3345400
2019-05-31,20.760000,21.469999,20.600000,21.410000,20.038975,5449900
2019-06-03,21.500000,22.139999,21.469999,21.840000,20.441442,5017400
2019-06-04,22.129999,22.290001,21.510000,22.040001,20.628635,4720500
2019-06-05,22.049999,22.280001,21.450001,22.230000,20.806463,3905700
2019-06-06,22.270000,23.080000,22.209999,22.950001,21.480358,5709900
2019-06-07,23.080000,23.540001,22.820000,23.320000,21.826664,4241000
2019-06-10,23.480000,23.770000,23.260000,23.410000,21.910900,3219600
2019-06-11,23.600000,23.719999,23.139999,23.160000,21.676912,3697500
2019-06-12,22.920000,22.990000,22.280001,22.299999,20.871983,3622500
2019-06-13,22.620001,22.790001,22.350000,22.780001,21.321249,3088800
2019-06-14,22.750000,22.750000,21.770000,22.150000,20.731588,4031700
2019-06-17,22.120001,22.830000,21.910000,22.400000,20.965580,3804700
2019-06-18,22.469999,23.160000,22.440001,23.090000,21.611395,5238100
2019-06-19,23.160000,23.370001,22.930000,23.320000,21.826664,3187400
2019-06-20,23.680000,24.440001,23.680000,24.360001,22.800068,4282400
2019-06-21,24.430000,25.200001,24.430000,25.170000,23.558197,7018100
2019-06-24,25.200001,25.350000,24.629999,24.719999,23.137014,3145700
2019-06-25,24.650000,24.809999,24.350000,24.620001,23.043419,2885700
2019-06-26,24.780001,25.320000,24.629999,24.750000,23.165091,3669700
2019-06-27,24.740000,25.010000,24.559999,24.690001,23.108936,3301900
2019-06-28,24.760000,25.070000,24.420000,24.629999,23.052776,9899300
2019-07-01,24.990000,25.500000,24.930000,25.180000,23.567558,4256600
2019-07-02,25.160000,25.360001,24.230000,24.520000,22.949821,6348600
2019-07-03,24.650000,24.650000,24.020000,24.510000,22.940464,1584500
2019-07-05,24.360001,24.549999,24.170000,24.549999,22.977900,1951800
2019-07-08,24.490000,25.200001,24.330000,25.190001,23.576920,3622900
2019-07-09,25.059999,25.129999,24.840000,25.000000,23.399082,3473200
2019-07-10,25.250000,25.450001,25.030001,25.379999,23.754749,2234200
2019-07-11,25.320000,25.360001,25.000000,25.240000,23.623716,3322800
2019-07-12,25.340000,25.440001,24.980000,25.010000,23.408443,2563700
2019-07-15,25.030001,25.059999,24.620001,24.690001,23.108936,3081300
2019-07-16,24.629999,24.650000,24.040001,24.090000,22.547358,5331900
2019-07-17,24.100000,24.270000,23.190001,23.190001,21.704992,8302000
2019-07-18,23.129999,23.330000,22.590000,23.309999,21.817305,11212900
2019-07-19,23.299999,23.770000,23.030001,23.559999,22.051298,5471900
2019-07-22,23.700001,24.150000,23.700001,23.959999,22.425682,4344400
2019-07-23,23.959999,24.520000,23.940001,24.309999,22.753269,4163300
2019-07-24,24.299999,25.000000,24.299999,24.860001,23.268049,2889200
2019-07-25,25.000000,25.020000,24.400000,24.620001,23.043419,3396000
2019-07-26,24.490000,24.910000,24.490000,24.840000,23.249329,3898300
2019-07-29,24.790001,24.830000,23.870001,24.090000,22.547358,2924700
2019-07-30,23.920000,24.570000,23.639999,24.510000,22.940464,6000100
2019-07-31,24.900000,25.950001,24.610001,25.389999,23.764109,7307200
2019-08-01,24.940001,25.790001,24.750000,25.270000,23.651794,6346400
2019-08-02,25.370001,25.370001,23.930000,24.080000,22.537998,5043200
2019-08-05,23.590000,23.950001,23.400000,23.809999,22.285288,4401200
2019-08-06,24.010000,24.180000,23.160000,23.690001,22.172972,3429900
2019-08-07,23.080000,23.459999,22.740000,23.360001,21.864103,4421600
2019-08-08,23.400000,24.160000,23.070000,24.139999,22.594154,4279500
2019-08-09,24.100000,24.110001,23.389999,23.680000,22.163614,3147200
2019-08-12,23.500000,23.930000,23.290001,23.420000,22.088163,4479000
2019-08-13,23.309999,23.969999,23.230000,23.570000,22.229633,3328000
2019-08-14,22.930000,23.010000,21.760000,22.010000,20.758345,5437400
2019-08-15,21.770000,21.860001,20.430000,20.709999,19.532274,7326700
2019-08-16,20.870001,21.299999,20.620001,21.059999,19.862370,6012700
2019-08-19,21.500000,21.700001,21.240000,21.420000,20.201897,4087000
2019-08-20,21.280001,21.290001,20.730000,21.110001,19.909527,4000000
2019-08-21,21.290001,21.400000,21.100000,21.240000,20.032133,2906000
2019-08-22,21.280001,21.959999,21.280001,21.430000,20.211330,4029700
2019-08-23,21.040001,21.850000,20.790001,20.879999,19.692604,5048700
2019-08-26,21.200001,21.480000,20.950001,21.299999,20.088720,4018400
2019-08-27,21.559999,21.820000,21.250000,21.290001,20.079288,3887400
2019-08-28,21.350000,21.990000,21.170000,21.639999,20.409386,4271400
2019-08-29,21.860001,22.270000,21.760000,21.879999,20.635740,3308500
2019-08-30,22.030001,22.200001,21.590000,21.690001,20.456543,4984700
2019-09-03,21.270000,22.209999,21.100000,22.150000,20.890383,5157400
2019-09-04,22.450001,22.690001,22.190001,22.610001,21.324224,5410500
2019-09-05,23.040001,24.040001,22.940001,23.520000,22.182476,4927400
2019-09-06,23.379999,23.650000,23.160000,23.530001,22.191906,3744000
2019-09-09,23.660000,24.290001,23.540001,24.180000,22.804943,4558800
2019-09-10,24.379999,24.730000,24.020000,24.110001,22.738926,3551500
2019-09-11,23.250000,23.700001,22.219999,22.290001,21.022425,12446500
2019-09-12,21.650000,22.879999,21.360001,22.639999,21.352516,67849800
2019-09-13,22.959999,23.000000,22.200001,22.719999,21.427969,10862400
2019-09-16,23.530001,23.889999,22.639999,23.809999,22.455984,22371500
2019-09-17,23.389999,23.700001,22.850000,23.379999,22.050436,8635700
2019-09-18,23.350000,23.740000,23.080000,23.230000,21.908964,5777700
2019-09-19,23.459999,23.530001,23.100000,23.209999,21.890106,4691400
2019-09-20,23.270000,23.600000,22.920000,23.590000,22.248497,14539200
2019-09-23,23.450001,24.389999,23.450001,23.900000,22.540865,12239800
2019-09-24,23.690001,24.110001,23.240000,23.650000,22.305082,8521300
2019-09-25,23.400000,24.290001,23.350000,24.290001,22.908689,8950800
2019-09-26,24.080000,24.180000,23.400000,23.930000,22.569160,8708600
2019-09-27,23.840000,24.379999,23.709999,24.040001,22.672907,31637300
2019-09-30,23.879999,24.010000,23.030001,23.200001,21.880676,8175900
2019-10-01,23.379999,23.389999,22.660000,22.670000,21.380814,6917300
2019-10-02,22.650000,22.650000,22.070000,22.139999,20.880953,4997400
2019-10-03,22.030001,22.700001,21.780001,22.690001,21.399675,5886300
2019-10-04,22.690001,22.799999,22.290001,22.469999,21.192186,4581000
2019-10-07,22.490000,22.549999,21.889999,21.900000,20.654602,3898900
2019-10-08,21.690001,21.820000,21.370001,21.379999,20.164173,3177000
2019-10-09,21.629999,21.670000,21.270000,21.610001,20.381094,2512300
2019-10-10,21.730000,21.959999,21.680000,21.799999,20.560287,2959700
2019-10-11,22.120001,22.490000,21.950001,22.230000,20.965834,5342900
2019-10-14,21.920000,22.389999,21.799999,22.320000,21.050718,3646300
2019-10-15,22.320000,22.690001,22.200001,22.299999,21.031857,4672500
2019-10-16,22.309999,22.420000,21.959999,21.990000,20.739481,3471300
2019-10-17,22.170000,22.559999,22.040001,22.080000,20.824368,4242400
2019-10-18,22.080000,22.080000,22.080000,22.080000,20.824368,0
2019-10-21,21.760000,22.330000,21.540001,22.120001,20.862091,7115800
2019-10-22,22.280001,22.860001,22.100000,22.629999,21.343088,2916400
2019-10-23,22.500000,23.200001,22.299999,23.120001,21.805223,3881000
2019-10-24,23.049999,23.070000,21.950001,22.330000,21.060150,3629500
2019-10-25,22.299999,22.610001,22.240000,22.379999,21.107306,4476300
2019-10-28,22.549999,22.690001,21.830000,21.990000,20.739481,4157000
2019-10-29,21.820000,22.490000,21.590000,21.900000,20.654602,8288500
2019-10-30,22.530001,23.120001,21.540001,21.620001,20.390526,6093800
2019-10-31,21.469999,21.520000,20.920000,21.400000,20.183037,5654300
2019-11-01,21.500000,21.969999,21.350000,21.900000,20.654602,4244600
2019-11-04,22.080000,22.549999,21.959999,22.350000,21.079012,4639400
2019-11-05,22.240000,22.790001,22.100000,22.629999,21.343088,4229300
2019-11-06,22.570000,22.680000,21.850000,21.950001,20.701759,3532500
2019-11-07,22.010000,22.340000,21.910000,22.080000,20.996548,3944100
2019-11-08,21.870001,22.270000,21.590000,22.250000,21.158205,2989000
2019-11-11,21.900000,22.320000,21.510000,22.209999,21.120169,2449300
2019-11-12,22.389999,22.450001,21.910000,22.090000,21.006058,3221800
2019-11-13,21.959999,22.030001,21.570000,21.639999,20.578135,2236500
2019-11-14,21.639999,22.010000,21.540001,21.889999,20.815870,2587200
2019-11-15,22.129999,22.850000,22.090000,22.690001,21.576612,4469300
2019-11-18,22.580000,22.580000,21.820000,22.170000,21.082129,10998300
2019-11-19,22.150000,22.340000,21.820000,22.010000,20.929983,3622600
2019-11-20,22.260000,22.790001,22.059999,22.420000,21.319862,3204800
2019-11-21,22.580000,22.700001,22.299999,22.590000,21.481522,3067800
2019-11-22,22.590000,23.049999,22.389999,22.420000,21.319862,3481100
2019-11-25,22.299999,22.750000,22.080000,22.540001,21.433975,3678500
2019-11-26,22.559999,22.709999,22.389999,22.610001,21.500540,7738700
2019-11-27,22.520000,22.670000,22.160000,22.549999,21.443483,3115500
2019-11-29,22.320000,22.670000,22.230000,22.420000,21.319862,1993600
2019-12-02,22.410000,22.549999,21.870001,22.139999,21.053602,3491400
2019-12-03,21.820000,21.930000,21.309999,21.320000,20.273840,5252300
2019-12-04,21.520000,22.170000,21.430000,22.170000,21.082129,4406600
2019-12-05,22.320000,22.440001,22.059999,22.139999,21.053602,2855600
2019-12-06,22.139999,22.540001,22.020000,22.209999,21.120169,5339700
2019-12-09,22.129999,22.690001,22.049999,22.250000,21.158205,4963500
2019-12-10,22.850000,22.930000,22.180000,22.340000,21.243788,8649500
2019-12-11,22.379999,22.719999,22.379999,22.680000,21.567104,7882000
2019-12-12,22.889999,23.889999,22.700001,23.760000,22.594112,7255400
2019-12-13,23.990000,24.049999,23.590000,23.639999,22.479998,4890600
2019-12-16,23.879999,24.250000,23.730000,23.950001,22.774788,5239300
2019-12-17,23.940001,24.379999,23.870001,24.370001,23.174179,4806600
2019-12-18,24.379999,24.900000,24.250000,24.730000,23.516512,5406800
2019-12-19,24.610001,25.049999,24.610001,24.969999,23.744736,4404500
2019-12-20,25.070000,25.280001,24.879999,25.090000,23.858849,10048100
2019-12-23,25.020000,25.600000,24.990000,25.510000,24.258240,3453700
2019-12-24,25.420000,25.740000,25.410000,25.480000,24.229710,958400
2019-12-26,25.709999,25.719999,25.420000,25.559999,24.305784,2146700
2019-12-27,25.660000,25.809999,25.350000,25.490000,24.239222,2555900
2019-12-30,25.570000,25.900000,25.490000,25.629999,24.372351,2828500
2019-12-31,25.400000,25.639999,25.090000,25.629999,24.372351,3114100
2020-01-02,25.680000,25.730000,25.340000,25.610001,24.353333,4714900
2020-01-03,25.950001,25.990000,25.360001,25.639999,24.381859,3125700
2020-01-06,25.719999,25.790001,25.459999,25.520000,24.267750,4248600
2020-01-07,25.260000,25.459999,24.309999,25.090000,23.858849,5493400
2020-01-08,25.020000,25.270000,24.730000,24.770000,23.554548,5871700
2020-01-09,24.860001,25.100000,24.540001,25.040001,23.811300,3452800
2020-01-10,24.959999,25.000000,24.730000,24.860001,23.640133,3548700
2020-01-13,24.830000,24.830000,24.309999,24.410000,23.212215,6227500
2020-01-14,24.000000,24.090000,23.709999,24.020000,22.841352,7147100
2020-01-15,23.790001,23.950001,23.209999,23.320000,22.175701,4815400
2020-01-16,23.379999,23.719999,23.340000,23.510000,22.356379,5742700
2020-01-17,23.430000,23.850000,23.400000,23.610001,22.451471,5454800
2020-01-21,23.480000,23.510000,22.680000,22.730000,21.614653,9750500
2020-01-22,22.840000,23.360001,21.840000,22.680000,21.567104,8477900
2020-01-23,22.360001,23.150000,22.309999,22.959999,21.833364,7188500
2020-01-24,22.850000,23.049999,22.549999,22.860001,21.738274,5023600
2020-01-27,21.570000,22.459999,21.520000,22.049999,20.968019,5917000
2020-01-28,22.100000,22.340000,21.840000,21.900000,20.825378,5238800
2020-01-29,22.059999,22.230000,21.379999,21.480000,20.425989,5450300
2020-01-30,21.190001,22.360001,21.120001,22.350000,21.253300,7351100
2020-01-31,21.730000,21.809999,21.379999,21.660000,20.764387,5341300
2020-02-03,21.570000,21.840000,21.430000,21.510000,20.620590,4837000
2020-02-04,21.820000,22.040001,21.200001,21.309999,20.428858,6352300
2020-02-05,21.690001,21.969999,21.559999,21.850000,20.946531,4678400
2020-02-06,21.959999,22.330000,21.850000,22.230000,21.310816,4529100
2020-02-07,21.980000,22.549999,21.879999,22.450001,21.521721,4115900
2020-02-10,22.260000,22.360001,22.030001,22.150000,21.234125,3184000
2020-02-11,22.490000,22.580000,22.110001,22.139999,21.224539,4126700
2020-02-12,22.420000,22.590000,21.910000,22.160000,21.243713,6027900
2020-02-13,22.110001,22.209999,21.969999,22.080000,21.167021,3625000
2020-02-14,22.059999,22.180000,21.780001,21.980000,21.071154,2657700
2020-02-18,21.559999,21.639999,20.820000,20.910000,20.045397,6982600
2020-02-19,21.110001,21.150000,20.670000,20.809999,19.949533,6735100
2020-02-20,20.700001,20.959999,20.500000,20.660000,19.805735,5011000
2020-02-21,20.459999,20.570000,20.070000,20.530001,19.681110,5956200
2020-02-24,19.730000,19.770000,19.170000,19.480000,18.674526,8661100
2020-02-25,19.690001,19.700001,18.559999,18.620001,17.850088,8797800
2020-02-26,18.780001,18.780001,17.670000,17.760000,17.025646,11815200
2020-02-27,17.389999,17.600000,16.670000,16.670000,15.980718,10552800
2020-02-28,16.030001,16.400000,15.710000,16.090000,15.424699,28759000
2020-03-02,16.389999,17.190001,15.890000,17.170000,16.460041,10606600
2020-03-03,17.139999,17.400000,16.200001,16.530001,15.846505,9925000
2020-03-04,16.809999,17.299999,16.600000,17.280001,16.565493,8520500
2020-03-05,16.660000,17.000000,16.520000,16.959999,16.258724,9556400
2020-03-06,16.340000,16.620001,15.960000,16.080000,15.415113,14904900
2020-03-09,13.330000,14.750000,12.250000,12.500000,11.983141,20122900
2020-03-10,13.280000,13.840000,12.370000,13.760000,13.191042,11374600
2020-03-11,13.160000,13.320000,12.280000,12.710000,12.184458,10754200
2020-03-12,11.600000,12.070000,10.580000,10.700000,10.257569,11140900
2020-03-13,11.830000,12.730000,10.900000,12.730000,12.203630,9728900
2020-03-16,11.070000,12.530000,10.010000,11.610000,11.129940,14284800
2020-03-17,11.870000,12.030000,10.690000,11.250000,10.784827,12478600
2020-03-18,10.140000,10.920000,9.180000,9.700000,9.298917,12774000
2020-03-19,9.770000,10.890000,9.190000,10.140000,9.720724,9060500
2020-03-20,10.190000,10.620000,9.600000,10.000000,9.586513,12003100
2020-03-23,10.110000,10.140000,9.120000,9.330000,8.944216,9820100
2020-03-24,9.670000,11.350000,9.670000,11.250000,10.784827,9503200
2020-03-25,11.470000,12.380000,10.520000,11.620000,11.139528,5693500
2020-03-26,11.780000,12.630000,11.530000,12.400000,11.887275,5350800
2020-03-27,11.780000,12.180000,11.550000,11.880000,11.388778,6679100
2020-03-30,11.520000,11.790000,10.670000,10.960000,10.506819,11667500
2020-03-31,11.160000,11.320000,10.300000,10.500000,10.065838,10741600
2020-04-01,10.090000,10.100000,9.440000,9.800000,9.394782,9627800
2020-04-02,10.170000,11.210000,9.900000,10.360000,9.931626,8703600
2020-04-03,10.680000,10.870000,10.250000,10.400000,9.969972,7730300
2020-04-06,11.270000,11.850000,10.800000,11.750000,11.264152,7939400
2020-04-07,12.610000,13.300000,12.240000,12.410000,11.896862,8167800
2020-04-08,12.960000,13.000000,12.360000,12.900000,12.366601,4948800
2020-04-09,13.620000,14.140000,12.130000,12.860000,12.328256,7339500
2020-04-13,13.340000,13.460000,12.620000,13.290000,12.740475,7174300
2020-04-14,13.240000,13.480000,12.670000,13.350000,12.797995,5122800
2020-04-15,12.550000,12.970000,12.260000,12.910000,12.376188,6779700
2020-04-16,12.930000,12.940000,12.370000,12.590000,12.069419,6425100
2020-04-17,12.380000,13.060000,12.370000,13.030000,12.491226,7624800
2020-04-20,12.080000,13.560000,12.010000,12.980000,12.443294,5615600
2020-04-21,12.460000,13.300000,12.420000,12.750000,12.222804,6510900
2020-04-22,13.500000,13.980000,12.090000,12.990000,12.452880,11573000
2020-04-23,13.160000,13.900000,12.950000,13.570000,13.008897,9172600
2020-04-24,13.920000,14.230000,13.270000,13.420000,12.865100,6927500
2020-04-27,13.100000,13.800000,12.780000,13.600000,13.037658,5428400
2020-04-28,14.000000,14.260000,13.590000,14.200000,13.612847,5881300
2020-04-29,14.770000,14.920000,14.300000,14.810000,14.197626,6011200
2020-04-30,14.670000,14.790000,13.790000,13.950000,13.373185,6904300
2020-05-01,13.580000,13.880000,13.460000,13.700000,13.133523,5571500
2020-05-04,13.310000,14.050000,13.290000,13.970000,13.392358,5112600
2020-05-05,14.500000,14.640000,13.500000,13.600000,13.037658,5556200
2020-05-06,13.550000,13.740000,12.920000,12.930000,12.395361,5167500
2020-05-07,13.330000,14.070000,13.300000,14.020000,13.440290,6381300
2020-05-08,14.370000,15.020000,14.140000,15.010000,14.389355,7740900
2020-05-11,14.750000,14.890000,14.390000,14.620000,14.015483,4734000
2020-05-12,14.810000,15.030000,14.340000,14.570000,13.967548,6059500
2020-05-13,14.340000,14.560000,13.550000,13.610000,13.047243,5050300
2020-05-14,13.310000,14.330000,13.100000,14.000000,13.421119,4876600
2020-05-15,13.920000,14.490000,13.710000,13.760000,13.191042,5540400
2020-05-18,14.560000,15.490000,14.340000,15.340000,14.705710,4992000
2020-05-19,15.030000,15.170000,14.490000,14.510000,13.910029,4844100
2020-05-20,14.980000,15.720000,14.740000,15.610000,14.964547,4473400
2020-05-21,15.730000,15.730000,15.050000,15.420000,14.782403,3607100
2020-05-22,15.100000,15.200000,14.760000,15.120000,14.666006,3346200
2020-05-26,15.650000,16.170000,15.600000,16.010000,15.529283,4190400
2020-05-27,16.290001,16.559999,15.900000,16.559999,16.062769,4719200
2020-05-28,16.629999,16.660000,16.240000,16.389999,15.897872,5899300
2020-05-29,16.209999,16.730000,16.030001,16.510000,16.014271,11849100
2020-06-01,16.500000,16.740000,16.230000,16.330000,15.839675,4898700
2020-06-02,16.379999,17.299999,16.379999,17.110001,16.596254,5434300
2020-06-03,17.620001,17.680000,17.320000,17.330000,16.809647,4609800
2020-06-04,17.180000,17.490000,16.879999,17.150000,16.635052,6776100
2020-06-05,18.200001,18.270000,17.540001,17.750000,17.217037,9735700
2020-06-08,18.900000,19.299999,18.530001,19.059999,18.487701,9745200
2020-06-09,18.340000,18.719999,18.010000,18.670000,18.109413,7092600